 OLINDA - Organ Level INternal Dose Assessment Code

Dose Conversion Factors (mGy/MBq-s), Nuclide: Tc-99m (6.01E00 hr), 3-month Pregnant Female

                           Adrenals  Brain     Breasts   GB Cont   LLI Cont  SI Cont   StomCont  ULI Cont  HeartCon  Hrt Wall  Kidneys   Liver     Lungs     Muscle    Ovaries   Pancreas  Red Mar.  CortBoneS TrabBoneS CortBoneV TrabBoneV Spleen    Thymus    Thyroid   UB Cont   Uterus    Fetus     TotBody
Adrenals                   2.08E-04  7.19E-10  6.02E-08  4.07E-07  3.53E-08  1.07E-07  3.35E-07  1.23E-07  2.87E-07  3.13E-07  9.62E-07  5.25E-07  3.11E-07  1.41E-07  3.04E-08  1.27E-06  2.81E-07  1.35E-07  1.35E-07  1.35E-07  1.35E-07  6.51E-07  5.73E-08  1.12E-08  9.09E-09  3.14E-08  2.96E-08  1.64E-07  
Brain                      6.75E-10  4.40E-06  3.07E-09  3.98E-10  3.50E-11  1.17E-10  5.60E-10  9.54E-11  2.89E-09  2.47E-09  2.92E-10  1.01E-09  6.99E-09  2.06E-08  3.52E-11  6.21E-10  1.08E-07  1.33E-07  1.33E-07  1.33E-07  1.33E-07  8.57E-10  7.68E-09  5.34E-08  9.41E-12  3.25E-11  3.19E-11  1.46E-07  
Breasts                    6.02E-08  3.27E-09  1.11E-05  4.24E-08  4.20E-09  1.13E-08  7.28E-08  1.28E-08  3.14E-07  3.34E-07  2.47E-08  8.87E-08  2.50E-07  5.40E-08  3.56E-09  7.49E-08  5.82E-08  3.82E-08  3.82E-08  3.82E-08  3.82E-08  5.16E-08  3.18E-07  3.91E-08  1.25E-09  3.87E-09  4.92E-09  1.28E-07  
Gallbladder Wall           4.66E-07  3.95E-10  4.44E-08  3.75E-05  1.12E-07  5.99E-07  4.35E-07  9.52E-07  1.45E-07  1.57E-07  4.59E-07  1.03E-06  1.08E-07  1.41E-07  1.84E-07  1.04E-06  1.13E-07  5.45E-08  5.45E-08  5.45E-08  5.45E-08  2.11E-07  2.54E-08  4.94E-09  4.07E-08  1.67E-07  1.63E-07  1.99E-07  
LLI Wall                   2.41E-08  3.01E-11  3.62E-09  9.07E-08  1.35E-05  7.57E-07  1.14E-07  3.08E-07  6.78E-09  8.55E-09  7.11E-08  2.28E-08  7.70E-09  1.52E-07  1.48E-06  6.11E-08  2.60E-07  9.05E-08  9.05E-08  9.05E-08  9.05E-08  6.71E-08  2.71E-09  4.43E-10  7.66E-07  6.69E-07  6.12E-07  1.91E-07  
Small Intestine            1.07E-07  1.25E-10  1.13E-08  6.15E-07  8.69E-07  5.09E-06  2.89E-07  1.64E-06  2.98E-08  3.30E-08  2.65E-07  1.66E-07  2.47E-08  1.24E-07  9.90E-07  2.04E-07  2.00E-07  6.79E-08  6.79E-08  6.79E-08  6.79E-08  1.44E-07  6.69E-09  1.30E-09  1.84E-07  8.70E-07  7.76E-07  1.96E-07  
Stomach Wall               3.44E-07  6.78E-10  7.96E-08  4.07E-07  1.75E-07  3.14E-07  1.00E-05  3.84E-07  2.35E-07  3.56E-07  2.87E-07  2.19E-07  1.63E-07  1.33E-07  8.72E-08  1.50E-06  8.82E-08  5.40E-08  5.40E-08  5.40E-08  5.40E-08  8.48E-07  6.00E-08  8.46E-09  2.26E-08  8.14E-08  8.35E-08  1.76E-07  
ULI Wall                   1.23E-07  1.01E-10  1.51E-08  9.68E-07  3.87E-07  1.80E-06  3.37E-07  9.65E-06  3.24E-08  3.85E-08  2.61E-07  2.38E-07  2.82E-08  1.24E-07  8.86E-07  2.32E-07  1.77E-07  6.05E-08  6.05E-08  6.05E-08  6.05E-08  1.36E-07  1.01E-08  1.56E-09  1.61E-07  5.86E-07  5.57E-07  1.81E-07  
Heart Wall                 2.98E-07  2.51E-09  3.18E-07  1.32E-07  1.06E-08  3.14E-08  3.04E-07  3.89E-08  6.22E-06  1.42E-05  9.52E-08  3.00E-07  5.41E-07  1.12E-07  1.03E-08  4.05E-07  1.05E-07  6.62E-08  6.62E-08  6.62E-08  6.62E-08  1.94E-07  7.46E-07  5.37E-08  2.78E-09  9.83E-09  9.27E-09  1.93E-07  
Kidneys                    9.16E-07  2.97E-10  2.35E-08  4.33E-07  8.67E-08  2.52E-07  2.82E-07  2.43E-07  8.56E-08  9.51E-08  1.34E-05  3.32E-07  9.21E-08  1.15E-07  9.39E-08  5.77E-07  1.94E-07  8.10E-08  8.10E-08  8.10E-08  8.10E-08  7.81E-07  2.15E-08  4.17E-09  2.09E-08  7.43E-08  7.47E-08  1.79E-07  
Liver                      5.21E-07  1.07E-09  8.79E-08  9.99E-07  2.78E-08  1.65E-07  2.16E-07  2.41E-07  2.96E-07  3.13E-07  3.46E-07  3.99E-06  2.69E-07  9.57E-08  5.37E-08  4.86E-07  9.99E-08  6.17E-08  6.17E-08  6.17E-08  6.17E-08  1.09E-07  7.71E-08  1.37E-08  1.38E-08  4.91E-08  5.03E-08  1.89E-07  
Lungs                      3.50E-07  8.74E-09  2.80E-07  1.08E-07  9.50E-09  2.78E-08  1.76E-07  3.32E-08  6.92E-07  6.50E-07  1.09E-07  3.11E-07  5.25E-06  1.38E-07  8.59E-09  2.70E-07  1.47E-07  9.49E-08  9.49E-08  9.49E-08  9.49E-08  2.47E-07  4.01E-07  1.30E-07  2.87E-09  9.09E-09  8.59E-09  2.02E-07  
Muscle                     1.41E-07  2.19E-08  5.40E-08  1.41E-07  1.40E-07  1.24E-07  1.25E-07  1.21E-07  1.13E-07  1.17E-07  1.21E-07  9.65E-08  1.23E-07  2.69E-07  1.50E-07  1.58E-07  1.11E-07  9.06E-08  9.06E-08  9.06E-08  9.06E-08  1.32E-07  1.33E-07  1.13E-07  1.41E-07  1.25E-07  1.14E-07  1.57E-07  
Ovaries                    3.04E-08  3.76E-11  3.56E-09  1.70E-07  1.64E-06  9.90E-07  8.77E-08  8.14E-07  9.03E-09  1.08E-08  9.87E-08  5.42E-08  7.67E-09  1.50E-07  2.63E-04  6.79E-08  2.64E-07  8.19E-08  8.19E-08  8.19E-08  8.19E-08  4.99E-08  3.17E-09  3.63E-10  5.42E-07  1.79E-06  1.57E-06  1.92E-07  
Pancreas                   9.81E-07  5.13E-10  5.80E-08  6.72E-07  6.19E-08  1.58E-07  1.14E-06  1.83E-07  2.58E-07  3.29E-07  4.69E-07  3.79E-07  1.87E-07  1.22E-07  5.25E-08  2.93E-05  1.20E-07  6.31E-08  6.31E-08  6.31E-08  6.31E-08  1.22E-06  5.51E-08  7.80E-09  1.16E-08  4.58E-08  4.19E-08  1.75E-07  
Red Marrow                 2.80E-07  1.37E-07  5.92E-08  1.11E-07  2.62E-07  2.00E-07  8.64E-08  1.69E-07  1.13E-07  1.07E-07  2.00E-07  9.69E-08  1.27E-07  1.11E-07  2.60E-07  1.51E-07  1.65E-06  2.43E-07  6.99E-07  2.43E-07  4.41E-07  1.04E-07  8.76E-08  8.94E-08  1.01E-07  1.43E-07  1.38E-07  1.58E-07  
Osteogenic Cells           3.40E-07  3.60E-07  9.49E-08  1.42E-07  2.24E-07  1.77E-07  1.37E-07  1.59E-07  1.89E-07  1.80E-07  2.08E-07  1.63E-07  2.13E-07  2.20E-07  2.13E-07  2.09E-07  1.31E-06  3.56E-06  4.13E-06  8.89E-07  1.54E-06  1.66E-07  1.51E-07  2.20E-07  1.38E-07  1.39E-07  1.37E-07  4.81E-07  
Skin                       4.09E-08  4.84E-08  8.95E-08  3.66E-08  4.44E-08  3.80E-08  4.26E-08  3.76E-08  4.35E-08  4.50E-08  4.63E-08  4.43E-08  4.57E-08  6.83E-08  3.66E-08  3.68E-08  5.32E-08  5.96E-08  5.96E-08  5.96E-08  5.96E-08  4.26E-08  5.50E-08  1.04E-07  5.16E-08  4.51E-08  4.16E-08  1.09E-07  
Spleen                     6.09E-07  8.55E-10  4.83E-08  1.75E-07  7.79E-08  1.34E-07  8.14E-07  1.29E-07  1.49E-07  1.90E-07  7.68E-07  1.03E-07  2.05E-07  1.23E-07  4.67E-08  1.47E-06  1.01E-07  6.14E-08  6.14E-08  6.14E-08  6.14E-08  2.45E-05  4.35E-08  9.87E-09  1.06E-08  3.98E-08  4.12E-08  1.79E-07  
Thymus                     9.09E-08  1.30E-08  5.05E-07  5.37E-08  5.33E-09  1.06E-08  8.24E-08  1.26E-08  1.47E-06  1.24E-06  3.59E-08  1.23E-07  5.58E-07  2.11E-07  5.04E-09  1.13E-07  1.42E-07  9.41E-08  9.41E-08  9.41E-08  9.41E-08  7.38E-08  3.01E-04  4.23E-07  1.89E-09  3.16E-09  3.57E-09  2.64E-07  
Thyroid                    6.85E-09  3.49E-08  2.40E-08  2.93E-09  3.38E-10  7.93E-10  4.64E-09  9.51E-10  4.59E-08  3.45E-08  2.69E-09  8.45E-09  7.10E-08  6.95E-08  2.22E-10  6.17E-09  5.61E-08  5.31E-08  5.31E-08  5.31E-08  5.31E-08  6.46E-09  1.63E-07  9.19E-05  1.29E-10  3.25E-10  3.21E-10  1.13E-07  
Urinary Bladder Wall       9.54E-09  1.51E-11  2.07E-09  4.71E-08  6.94E-07  1.88E-07  2.50E-08  1.62E-07  2.41E-09  3.69E-09  2.47E-08  1.57E-08  2.48E-09  1.51E-07  5.44E-07  1.81E-08  1.11E-07  5.40E-08  5.40E-08  5.40E-08  5.40E-08  1.49E-08  1.22E-09  2.15E-10  1.64E-05  1.41E-06  1.22E-06  1.79E-07  
Uterus                     3.14E-08  3.47E-11  3.87E-09  1.76E-07  7.15E-07  8.70E-07  8.05E-08  5.67E-07  9.38E-09  1.03E-08  7.80E-08  4.95E-08  8.13E-09  1.25E-07  1.79E-06  5.92E-08  1.43E-07  5.25E-08  5.25E-08  5.25E-08  5.25E-08  4.25E-08  1.99E-09  5.31E-10  1.28E-06  1.01E-05  2.60E-06  1.76E-07  
Fetus                      2.96E-08  3.40E-11  4.92E-09  1.74E-07  6.76E-07  7.76E-07  7.76E-08  5.34E-07  7.73E-09  9.74E-09  7.85E-08  5.07E-08  7.67E-09  1.14E-07  1.57E-06  5.42E-08  1.38E-07  5.18E-08  5.18E-08  5.18E-08  5.18E-08  4.41E-08  2.25E-09  5.23E-10  1.12E-06  2.60E-06  1.08E-05  1.66E-07  
Total Body                 2.17E-07  1.52E-07  1.30E-07  1.66E-07  1.81E-07  1.84E-07  1.50E-07  1.71E-07  1.49E-07  1.89E-07  1.98E-07  1.99E-07  1.84E-07  1.46E-07  2.14E-07  2.30E-07  1.88E-07  1.72E-07  1.72E-07  1.72E-07  1.72E-07  2.01E-07  1.80E-07  1.64E-07  1.40E-07  1.89E-07  1.72E-07  1.67E-07  

   
 OLINDA - Organ Level INternal Dose Assessment Code

Dose Conversion Factors (mGy/MBq-s), Nuclide: Tc-99m (6.01E00 hr), 6-month Pregnant Female

                           Adrenals  Brain     Breasts   GB Cont   LLI Cont  SI Cont   StomCont  ULI Cont  HeartCon  Hrt Wall  Kidneys   Liver     Lungs     Muscle    Ovaries   Pancreas  Red Mar.  CortBoneS TrabBoneS CortBoneV TrabBoneV Spleen    Thymus    Thyroid   UB Cont   Uterus    Fetus     Placenta  TotBody
Adrenals                   2.08E-04  7.19E-10  6.02E-08  8.69E-07  2.39E-08  1.42E-07  3.66E-07  5.93E-08  2.53E-07  2.77E-07  9.62E-07  5.28E-07  2.55E-07  1.42E-07  2.74E-08  1.27E-06  2.81E-07  1.32E-07  1.32E-07  1.32E-07  1.32E-07  6.51E-07  5.79E-08  1.12E-08  7.32E-09  4.73E-08  4.65E-08  5.25E-08  1.62E-07  
Brain                      6.75E-10  4.40E-06  3.07E-09  3.98E-10  3.50E-11  1.30E-10  5.60E-10  2.02E-10  2.89E-09  2.47E-09  2.92E-10  1.01E-09  6.99E-09  2.06E-08  3.52E-11  6.21E-10  1.08E-07  1.33E-07  1.33E-07  1.33E-07  1.33E-07  8.57E-10  7.68E-09  5.34E-08  9.41E-12  1.31E-10  1.01E-10  2.34E-10  1.33E-07  
Breasts                    6.02E-08  3.27E-09  1.11E-05  4.62E-08  1.14E-08  1.76E-08  9.39E-08  5.02E-08  3.29E-07  3.69E-07  2.47E-08  1.05E-07  2.49E-07  5.44E-08  4.34E-09  7.49E-08  5.82E-08  3.82E-08  3.82E-08  3.82E-08  3.82E-08  5.16E-08  2.81E-07  3.91E-08  2.94E-09  2.03E-08  1.61E-08  4.03E-08  1.23E-07  
Gallbladder Wall           1.01E-06  3.95E-10  4.89E-08  3.75E-05  6.37E-08  6.18E-07  3.86E-07  2.42E-07  1.56E-07  1.74E-07  8.90E-07  9.35E-07  1.28E-07  1.55E-07  1.07E-07  1.56E-06  1.75E-07  7.89E-08  7.89E-08  7.89E-08  7.89E-08  2.49E-07  3.73E-08  7.39E-09  2.77E-08  1.80E-07  1.78E-07  1.96E-07  2.12E-07  
LLI Wall                   2.39E-08  3.01E-11  1.14E-08  5.52E-08  1.31E-05  2.96E-07  1.21E-07  2.15E-07  8.84E-09  1.09E-08  4.30E-08  2.19E-08  6.53E-09  1.45E-07  4.12E-07  5.34E-08  1.20E-07  5.62E-08  5.62E-08  5.62E-08  5.62E-08  5.00E-08  3.03E-09  3.71E-10  3.78E-07  4.70E-07  4.10E-07  2.67E-07  1.77E-07  
Small Intestine            1.42E-07  1.39E-10  1.76E-08  6.46E-07  3.53E-07  5.18E-06  3.54E-07  4.78E-07  3.22E-08  3.89E-08  3.46E-07  2.04E-07  2.80E-08  1.25E-07  7.08E-07  2.79E-07  1.97E-07  6.90E-08  6.90E-08  6.90E-08  6.90E-08  1.96E-07  8.89E-09  1.55E-09  1.01E-07  6.13E-07  5.70E-07  3.49E-07  1.91E-07  
Stomach Wall               3.70E-07  6.78E-10  1.00E-07  3.76E-07  1.67E-07  3.85E-07  1.00E-05  1.83E-07  2.35E-07  3.56E-07  2.86E-07  2.19E-07  1.63E-07  1.39E-07  6.53E-08  1.67E-06  8.82E-08  5.40E-08  5.40E-08  5.40E-08  5.40E-08  9.15E-07  6.00E-08  8.97E-09  2.08E-08  1.49E-07  1.45E-07  2.10E-07  1.85E-07  
ULI Wall                   5.74E-08  2.50E-10  5.07E-08  2.52E-07  2.65E-07  4.99E-07  1.86E-07  8.99E-06  3.30E-08  3.95E-08  8.72E-08  1.95E-07  2.32E-08  1.07E-07  2.25E-07  1.26E-07  5.82E-08  2.66E-08  2.66E-08  2.66E-08  2.66E-08  5.64E-08  1.45E-08  2.03E-09  8.70E-08  5.54E-07  4.33E-07  8.25E-07  1.52E-07  
Heart Wall                 2.64E-07  2.51E-09  3.51E-07  1.49E-07  1.04E-08  3.70E-08  3.04E-07  3.75E-08  6.22E-06  1.42E-05  8.08E-08  3.00E-07  5.41E-07  1.10E-07  7.83E-09  3.36E-07  1.05E-07  6.62E-08  6.62E-08  6.62E-08  6.62E-08  1.71E-07  7.46E-07  5.95E-08  2.85E-09  1.99E-08  1.77E-08  3.18E-08  1.89E-07  
Kidneys                    9.16E-07  2.97E-10  2.35E-08  8.53E-07  4.89E-08  3.29E-07  2.74E-07  8.14E-08  7.06E-08  8.07E-08  1.34E-05  3.03E-07  7.46E-08  1.13E-07  7.72E-08  5.77E-07  1.94E-07  8.10E-08  8.10E-08  8.10E-08  8.10E-08  7.81E-07  1.76E-08  4.17E-09  1.60E-08  8.95E-08  8.83E-08  6.77E-08  1.76E-07  
Liver                      5.24E-07  1.07E-09  1.04E-07  9.05E-07  2.59E-08  2.02E-07  2.16E-07  1.95E-07  2.96E-07  3.13E-07  3.16E-07  3.99E-06  2.69E-07  9.80E-08  4.38E-08  4.67E-07  9.99E-08  6.47E-08  6.47E-08  6.47E-08  6.47E-08  1.08E-07  7.71E-08  1.49E-08  1.26E-08  8.26E-08  7.94E-08  1.13E-07  1.90E-07  
Lungs                      2.93E-07  8.74E-09  2.90E-07  1.35E-07  8.45E-09  3.13E-08  1.76E-07  2.62E-08  6.92E-07  6.50E-07  8.98E-08  3.11E-07  5.28E-06  1.34E-07  7.06E-09  2.33E-07  1.47E-07  1.00E-07  1.00E-07  1.00E-07  1.00E-07  1.98E-07  4.01E-07  1.43E-07  2.26E-09  1.44E-08  1.32E-08  2.08E-08  1.91E-07  
Muscle                     1.42E-07  2.19E-08  5.44E-08  1.49E-07  1.32E-07  1.25E-07  1.30E-07  1.03E-07  1.11E-07  1.16E-07  1.19E-07  9.88E-08  1.17E-07  2.63E-07  1.46E-07  1.59E-07  1.05E-07  8.61E-08  8.61E-08  8.61E-08  8.61E-08  1.31E-07  1.25E-07  1.13E-07  1.15E-07  1.15E-07  9.63E-08  8.68E-08  1.50E-07  
Ovaries                    2.74E-08  3.76E-11  4.34E-09  1.06E-07  4.22E-07  7.08E-07  6.43E-08  2.18E-07  6.91E-09  8.22E-09  8.12E-08  4.42E-08  6.17E-09  1.46E-07  2.63E-04  5.30E-08  3.82E-07  1.06E-07  1.06E-07  1.06E-07  1.06E-07  4.53E-08  1.81E-09  3.63E-10  2.14E-07  6.35E-07  5.00E-07  1.24E-07  1.93E-07  
Pancreas                   9.81E-07  5.13E-10  5.80E-08  1.07E-06  5.25E-08  2.16E-07  1.25E-06  9.54E-08  2.13E-07  2.73E-07  4.69E-07  3.65E-07  1.58E-07  1.23E-07  4.10E-08  2.93E-05  1.20E-07  6.31E-08  6.31E-08  6.31E-08  6.31E-08  1.22E-06  4.71E-08  7.80E-09  1.10E-08  7.84E-08  7.87E-08  9.73E-08  1.74E-07  
Red Marrow                 2.80E-07  1.37E-07  5.92E-08  1.65E-07  1.00E-07  1.91E-07  8.64E-08  5.52E-08  1.13E-07  1.07E-07  2.00E-07  9.69E-08  1.27E-07  1.06E-07  3.74E-07  1.51E-07  1.65E-06  2.43E-07  4.41E-07  2.43E-07  4.41E-07  1.04E-07  8.76E-08  8.94E-08  5.14E-08  1.20E-07  9.80E-08  3.67E-08  1.54E-07  
Osteogenic Cells           3.40E-07  3.60E-07  9.49E-08  1.99E-07  1.21E-07  1.78E-07  1.37E-07  6.86E-08  1.89E-07  1.80E-07  2.08E-07  1.63E-07  2.13E-07  2.11E-07  2.72E-07  2.09E-07  1.31E-06  8.89E-07  1.54E-06  8.89E-07  1.54E-06  1.66E-07  1.51E-07  2.20E-07  7.86E-08  1.14E-07  1.04E-07  4.88E-08  2.98E-07  
Skin                       3.92E-08  4.84E-08  9.26E-08  3.12E-08  3.84E-08  3.11E-08  3.85E-08  3.67E-08  4.54E-08  4.64E-08  4.36E-08  4.26E-08  5.04E-08  6.71E-08  3.28E-08  3.38E-08  5.40E-08  6.19E-08  6.19E-08  6.19E-08  6.19E-08  4.08E-08  6.29E-08  1.04E-07  5.14E-08  3.38E-08  2.76E-08  3.20E-08  1.06E-07  
Spleen                     6.09E-07  8.55E-10  4.83E-08  2.21E-07  5.95E-08  1.83E-07  8.50E-07  5.15E-08  1.29E-07  1.69E-07  7.68E-07  1.02E-07  1.64E-07  1.23E-07  4.23E-08  1.47E-06  1.01E-07  6.14E-08  6.14E-08  6.14E-08  6.14E-08  2.45E-05  3.66E-08  9.87E-09  9.26E-09  5.58E-08  5.45E-08  5.79E-08  1.78E-07  
Thymus                     9.20E-08  1.30E-08  4.46E-07  5.66E-08  4.81E-09  1.41E-08  8.24E-08  2.31E-08  1.47E-06  1.24E-06  2.94E-08  1.23E-07  5.58E-07  1.99E-07  2.87E-09  9.67E-08  1.42E-07  9.29E-08  9.29E-08  9.29E-08  9.29E-08  6.21E-08  3.01E-04  4.02E-07  1.36E-09  1.10E-08  9.28E-09  1.92E-08  2.51E-07  
Thyroid                    6.85E-09  3.49E-08  2.40E-08  4.17E-09  2.44E-10  9.48E-10  5.46E-09  1.29E-09  4.61E-08  3.83E-08  2.69E-09  9.21E-09  7.62E-08  6.95E-08  2.22E-10  6.17E-09  5.61E-08  5.31E-08  5.31E-08  5.31E-08  5.31E-08  6.46E-09  1.55E-07  9.19E-05  9.92E-11  6.75E-10  5.03E-10  1.28E-09  1.10E-07  
Urinary Bladder Wall       7.28E-09  1.51E-11  2.82E-09  2.80E-08  3.59E-07  1.01E-07  1.99E-08  8.68E-08  2.31E-09  2.84E-09  1.64E-08  1.27E-08  1.85E-09  1.21E-07  2.18E-07  1.48E-08  5.21E-08  3.07E-08  3.07E-08  3.07E-08  3.07E-08  1.04E-08  8.58E-10  1.70E-10  1.85E-05  4.77E-07  4.16E-07  1.34E-07  1.47E-07  
Uterus                     4.73E-08  1.39E-10  2.03E-08  1.87E-07  5.07E-07  6.13E-07  1.42E-07  5.37E-07  1.73E-08  2.09E-08  9.41E-08  8.33E-08  1.29E-08  1.15E-07  6.35E-07  1.01E-07  1.20E-07  4.36E-08  4.36E-08  4.36E-08  4.36E-08  5.97E-08  6.91E-09  1.10E-09  4.65E-07  4.35E-06  8.12E-07  1.05E-06  1.63E-07  
Fetus                      3.72E-08  7.89E-11  1.34E-08  1.49E-07  3.61E-07  4.42E-07  1.07E-07  3.43E-07  1.23E-08  1.48E-08  7.55E-08  6.28E-08  9.51E-09  7.47E-08  3.92E-07  7.86E-08  8.13E-08  2.95E-08  2.95E-08  2.95E-08  2.95E-08  4.72E-08  4.27E-09  6.53E-10  3.29E-07  6.24E-07  2.69E-06  7.08E-07  1.16E-07  
Placenta                   5.25E-08  2.50E-10  4.03E-08  2.02E-07  3.34E-07  3.49E-07  2.03E-07  8.17E-07  2.66E-08  3.35E-08  7.11E-08  1.14E-07  1.88E-08  8.68E-08  1.24E-07  1.26E-07  3.87E-08  1.74E-08  1.74E-08  1.74E-08  1.74E-08  6.19E-08  1.21E-08  2.10E-09  1.35E-07  1.05E-06  9.12E-07  1.17E-05  1.30E-07  
Total Body                 2.11E-07  1.47E-07  1.26E-07  1.75E-07  1.56E-07  1.80E-07  1.53E-07  1.32E-07  1.45E-07  1.82E-07  1.91E-07  1.95E-07  1.75E-07  1.59E-07  1.99E-07  2.25E-07  1.78E-07  1.63E-07  1.63E-07  1.63E-07  1.63E-07  1.96E-07  1.70E-07  1.60E-07  1.13E-07  1.68E-07  1.43E-07  1.34E-07  1.61E-07  

   
   
 OLINDA - Organ Level INternal Dose Assessment Code

Dose Conversion Factors (mGy/MBq-s), Nuclide: Tc-99m (6.01E00 hr), 9-month Pregnant Female

                           Adrenals  Brain     Breasts   GB Cont   LLI Cont  SI Cont   StomCont  ULI Cont  HeartCon  Hrt Wall  Kidneys   Liver     Lungs     Muscle    Ovaries   Pancreas  Red Mar.  CortBoneS TrabBoneS CortBoneV TrabBoneV Spleen    Thymus    Thyroid   UB Cont   Uterus    Fetus     Placenta  TotBody
Adrenals                   2.08E-04  7.19E-10  6.02E-08  8.69E-07  1.60E-08  5.64E-07  3.66E-07  3.88E-08  2.53E-07  2.77E-07  9.62E-07  5.28E-07  2.55E-07  1.33E-07  3.25E-08  1.27E-06  2.81E-07  1.32E-07  1.32E-07  1.32E-07  1.32E-07  6.51E-07  5.79E-08  1.12E-08  7.32E-09  6.61E-08  5.15E-08  4.36E-08  1.62E-07  
Brain                      6.75E-10  4.40E-06  3.07E-09  3.98E-10  3.50E-11  4.05E-10  5.60E-10  6.16E-10  2.89E-09  2.47E-09  2.92E-10  1.01E-09  6.99E-09  2.06E-08  3.52E-11  6.21E-10  1.08E-07  1.33E-07  1.33E-07  1.33E-07  1.33E-07  8.57E-10  7.68E-09  5.34E-08  9.41E-12  2.18E-10  1.22E-10  4.50E-10  1.34E-07  
Breasts                    6.02E-08  3.27E-09  1.11E-05  4.62E-08  1.13E-08  5.88E-08  9.39E-08  6.20E-08  3.29E-07  3.69E-07  2.47E-08  1.05E-07  2.49E-07  5.60E-08  4.41E-09  7.49E-08  5.82E-08  3.82E-08  3.82E-08  3.82E-08  3.82E-08  5.16E-08  2.81E-07  3.91E-08  2.59E-09  2.62E-08  1.97E-08  4.98E-08  1.24E-07  
Gallbladder Wall           1.01E-06  3.95E-10  4.89E-08  3.75E-05  3.89E-08  2.44E-06  3.86E-07  1.30E-07  1.56E-07  1.74E-07  8.90E-07  9.35E-07  1.29E-07  1.02E-07  1.12E-07  1.56E-06  1.74E-07  7.89E-08  7.89E-08  7.89E-08  7.89E-08  2.49E-07  3.87E-08  7.39E-09  3.00E-08  2.90E-07  1.94E-07  1.39E-07  1.89E-07  
LLI Wall                   1.60E-08  3.01E-11  8.59E-09  3.40E-08  1.29E-05  6.18E-08  7.73E-08  4.75E-08  5.87E-09  7.42E-09  3.10E-08  1.39E-08  5.63E-09  1.32E-07  3.95E-07  3.60E-08  1.22E-07  5.48E-08  5.48E-08  5.48E-08  5.48E-08  4.01E-08  2.05E-09  3.71E-10  3.18E-07  2.76E-07  2.28E-07  8.15E-08  1.61E-07  
Small Intestine            5.64E-07  4.32E-10  5.88E-08  2.30E-06  7.47E-08  5.08E-06  1.17E-06  1.61E-07  1.48E-07  1.84E-07  6.15E-07  6.60E-07  1.06E-07  1.04E-07  1.19E-07  1.88E-06  1.37E-07  6.33E-08  6.33E-08  6.33E-08  6.33E-08  6.33E-07  3.62E-08  5.98E-09  3.37E-08  3.57E-07  2.28E-07  2.03E-07  1.91E-07  
Stomach Wall               3.70E-07  6.78E-10  1.00E-07  3.76E-07  9.58E-08  1.25E-06  1.00E-05  1.30E-07  2.35E-07  3.56E-07  2.86E-07  2.19E-07  1.63E-07  1.14E-07  6.59E-08  1.67E-06  8.82E-08  5.40E-08  5.40E-08  5.40E-08  5.40E-08  9.15E-07  6.00E-08  8.97E-09  2.02E-08  2.36E-07  1.56E-07  1.70E-07  1.76E-07  
ULI Wall                   3.65E-08  6.40E-10  5.69E-08  1.27E-07  5.39E-08  1.50E-07  1.24E-07  8.63E-06  3.33E-08  3.97E-08  4.83E-08  1.16E-07  2.14E-08  8.30E-08  1.56E-07  7.56E-08  4.44E-08  2.13E-08  2.13E-08  2.13E-08  2.13E-08  3.61E-08  2.26E-08  3.55E-09  6.24E-08  4.00E-07  2.59E-07  7.05E-07  1.28E-07  
Heart Wall                 2.64E-07  2.51E-09  3.51E-07  1.50E-07  7.05E-09  1.75E-07  3.04E-07  4.07E-08  6.22E-06  1.42E-05  8.08E-08  3.00E-07  5.41E-07  1.11E-07  8.70E-09  3.36E-07  1.05E-07  6.62E-08  6.62E-08  6.62E-08  6.62E-08  1.71E-07  7.46E-07  5.95E-08  3.21E-09  3.13E-08  2.35E-08  3.88E-08  1.88E-07  
Kidneys                    9.16E-07  2.97E-10  2.35E-08  8.53E-07  2.95E-08  5.86E-07  2.74E-07  4.98E-08  7.06E-08  8.07E-08  1.34E-05  3.03E-07  7.46E-08  1.05E-07  8.38E-08  5.77E-07  1.94E-07  8.10E-08  8.10E-08  8.10E-08  8.10E-08  7.81E-07  1.76E-08  4.17E-09  1.68E-08  1.03E-07  8.35E-08  4.57E-08  1.71E-07  
Liver                      5.24E-07  1.07E-09  1.04E-07  9.05E-07  1.38E-08  6.54E-07  2.16E-07  1.25E-07  2.96E-07  3.13E-07  3.16E-07  3.99E-06  2.69E-07  8.70E-08  4.63E-08  4.67E-07  9.99E-08  6.47E-08  6.47E-08  6.47E-08  6.47E-08  1.08E-07  7.71E-08  1.49E-08  1.39E-08  1.33E-07  9.39E-08  1.07E-07  1.88E-07  
Lungs                      2.93E-07  8.74E-09  2.90E-07  1.36E-07  6.65E-09  1.21E-07  1.76E-07  2.65E-08  6.92E-07  6.50E-07  8.98E-08  3.11E-07  5.28E-06  1.35E-07  7.60E-09  2.33E-07  1.47E-07  1.00E-07  1.00E-07  1.00E-07  1.00E-07  1.98E-07  4.01E-07  1.43E-07  2.44E-09  2.15E-08  1.68E-08  2.37E-08  1.92E-07  
Muscle                     1.33E-07  2.19E-08  5.60E-08  9.94E-08  1.14E-07  1.04E-07  1.06E-07  8.19E-08  1.12E-07  1.16E-07  1.11E-07  8.78E-08  1.18E-07  2.63E-07  1.52E-07  1.22E-07  1.06E-07  8.76E-08  8.76E-08  8.76E-08  8.76E-08  1.22E-07  1.29E-07  1.13E-07  1.15E-07  9.29E-08  7.53E-08  5.49E-08  1.47E-07  
Ovaries                    3.25E-08  3.76E-11  4.41E-09  1.13E-07  3.89E-07  1.19E-07  6.62E-08  1.75E-07  7.35E-09  9.14E-09  8.81E-08  4.67E-08  6.64E-09  1.52E-07  2.63E-04  5.64E-08  3.09E-07  9.12E-08  9.12E-08  9.12E-08  9.12E-08  4.80E-08  2.20E-09  3.63E-10  2.69E-07  5.26E-07  5.00E-07  6.81E-08  1.86E-07  
Pancreas                   9.81E-07  5.13E-10  5.80E-08  1.07E-06  3.51E-08  1.46E-06  1.25E-06  6.24E-08  2.13E-07  2.73E-07  4.69E-07  3.65E-07  1.58E-07  9.42E-08  4.37E-08  2.93E-05  1.20E-07  6.31E-08  6.31E-08  6.31E-08  6.31E-08  1.22E-06  4.71E-08  7.80E-09  1.27E-08  1.21E-07  9.06E-08  8.39E-08  1.68E-07  
Red Marrow                 2.80E-07  1.37E-07  5.92E-08  1.65E-07  1.02E-07  1.33E-07  8.64E-08  4.73E-08  1.13E-07  1.07E-07  2.00E-07  9.69E-08  1.27E-07  1.07E-07  3.00E-07  1.51E-07  1.65E-06  2.43E-07  4.41E-07  2.43E-07  4.41E-07  1.04E-07  8.76E-08  8.94E-08  5.43E-08  9.03E-08  8.38E-08  2.49E-08  1.54E-07  
Osteogenic Cells           3.40E-07  3.60E-07  9.49E-08  1.99E-07  1.18E-07  1.69E-07  1.37E-07  6.08E-08  1.89E-07  1.80E-07  2.08E-07  1.63E-07  2.13E-07  2.12E-07  2.35E-07  2.09E-07  1.31E-06  8.89E-07  1.54E-06  8.89E-07  1.54E-06  1.66E-07  1.51E-07  2.20E-07  8.05E-08  9.33E-08  9.21E-08  3.71E-08  2.99E-07  
Skin                       3.90E-08  4.84E-08  9.44E-08  2.98E-08  4.31E-08  3.15E-08  3.60E-08  4.07E-08  4.59E-08  4.75E-08  4.33E-08  4.10E-08  5.12E-08  6.80E-08  3.10E-08  3.25E-08  5.40E-08  6.23E-08  6.23E-08  6.23E-08  6.23E-08  4.02E-08  6.45E-08  1.04E-07  5.35E-08  3.49E-08  2.70E-08  3.02E-08  1.06E-07  
Spleen                     6.09E-07  8.55E-10  4.83E-08  2.21E-07  4.54E-08  5.92E-07  8.50E-07  3.59E-08  1.29E-07  1.69E-07  7.68E-07  1.02E-07  1.64E-07  1.14E-07  4.49E-08  1.47E-06  1.01E-07  6.14E-08  6.14E-08  6.14E-08  6.14E-08  2.45E-05  3.66E-08  9.87E-09  1.06E-08  7.63E-08  5.98E-08  4.69E-08  1.77E-07  
Thymus                     9.20E-08  1.30E-08  4.46E-07  5.75E-08  3.97E-09  5.75E-08  8.24E-08  3.95E-08  1.47E-06  1.24E-06  2.94E-08  1.23E-07  5.58E-07  2.04E-07  3.49E-09  9.67E-08  1.42E-07  9.29E-08  9.29E-08  9.29E-08  9.29E-08  6.21E-08  3.01E-04  4.02E-07  1.33E-09  1.62E-08  1.25E-08  2.94E-08  2.51E-07  
Thyroid                    6.85E-09  3.49E-08  2.40E-08  4.17E-09  2.44E-10  3.66E-09  5.46E-09  2.03E-09  4.61E-08  3.83E-08  2.69E-09  9.21E-09  7.62E-08  6.95E-08  2.22E-10  6.17E-09  5.61E-08  5.31E-08  5.31E-08  5.31E-08  5.31E-08  6.46E-09  1.55E-07  9.19E-05  9.92E-11  9.79E-10  6.93E-10  1.75E-09  1.08E-07  
Urinary Bladder Wall       7.28E-09  1.51E-11  2.58E-09  3.09E-08  2.62E-07  3.30E-08  2.11E-08  6.58E-08  2.91E-09  2.94E-09  1.80E-08  1.38E-08  2.00E-09  1.18E-07  2.69E-07  1.66E-08  5.39E-08  3.07E-08  3.07E-08  3.07E-08  3.07E-08  1.18E-08  9.53E-10  1.70E-10  4.04E-05  3.91E-07  3.86E-07  7.19E-08  1.42E-07  
Uterus                     6.61E-08  2.33E-10  2.62E-08  2.98E-07  3.00E-07  3.57E-07  2.49E-07  3.65E-07  2.68E-08  3.29E-08  1.08E-07  1.34E-07  1.90E-08  9.29E-08  5.26E-07  1.57E-07  9.03E-08  3.52E-08  3.52E-08  3.52E-08  3.52E-08  8.15E-08  1.02E-08  1.60E-09  3.91E-07  3.17E-06  4.69E-07  5.72E-07  1.40E-07  
Fetus                      5.38E-08  1.24E-10  2.14E-08  2.09E-07  2.53E-07  2.38E-07  1.68E-07  2.58E-07  2.11E-08  2.56E-08  9.72E-08  9.79E-08  1.56E-08  8.09E-08  5.43E-07  1.19E-07  9.40E-08  3.59E-08  3.59E-08  3.59E-08  3.59E-08  6.65E-08  7.51E-09  1.17E-09  4.04E-07  4.89E-07  2.31E-06  7.05E-07  1.18E-07  
Placenta                   4.36E-08  4.80E-10  4.98E-08  1.43E-07  1.01E-07  2.03E-07  1.77E-07  6.53E-07  3.42E-08  4.08E-08  4.80E-08  1.08E-07  2.05E-08  5.49E-08  6.81E-08  1.08E-07  2.62E-08  1.33E-08  1.33E-08  1.33E-08  1.33E-08  5.02E-08  1.85E-08  2.86E-09  7.15E-08  5.72E-07  6.98E-07  9.63E-06  1.00E-07  
Total Body                 2.10E-07  1.49E-07  1.28E-07  1.60E-07  1.35E-07  1.79E-07  1.47E-07  1.08E-07  1.47E-07  1.84E-07  1.88E-07  1.94E-07  1.76E-07  1.56E-07  1.93E-07  2.16E-07  1.78E-07  1.64E-07  1.64E-07  1.64E-07  1.64E-07  1.94E-07  1.72E-07  1.58E-07  1.16E-07  1.45E-07  1.18E-07  1.02E-07  1.57E-07  

   
