 OLINDA - Organ Level INternal Dose Assessment Code

Dose Conversion Factors (mGy/MBq-s), Nuclide: Tl-201 (7.29E01 hr), Adult Female

                           Adrenals  Brain     Breasts   GB Cont   LLI Cont  SI Cont   StomCont  ULI Cont  HeartCon  Hrt Wall  Kidneys   Liver     Lungs     Muscle    Ovaries   Pancreas  Red Mar.  CortBoneS TrabBoneS CortBoneV TrabBoneV Spleen    Thymus    Thyroid   UB Cont   Uterus    TotBody
Adrenals                   4.38E-04  3.01E-10  3.80E-08  2.96E-07  1.83E-08  6.63E-08  2.56E-07  7.90E-08  2.17E-07  2.45E-07  8.18E-07  4.35E-07  2.50E-07  1.12E-07  1.70E-08  1.11E-06  2.11E-07  1.03E-07  1.03E-07  1.03E-07  1.03E-07  5.48E-07  3.90E-08  5.58E-09  5.20E-09  1.66E-08  1.36E-07  
Brain                      2.88E-10  6.73E-06  1.52E-09  1.68E-10  1.23E-11  2.86E-11  2.48E-10  3.50E-11  1.34E-09  1.15E-09  1.16E-10  4.55E-10  3.62E-09  1.49E-08  1.45E-11  2.62E-10  8.39E-08  1.08E-07  1.08E-07  1.08E-07  1.08E-07  3.78E-10  3.93E-09  3.11E-08  3.27E-12  1.04E-11  2.17E-07  
Breasts                    4.85E-08  2.02E-09  2.77E-05  3.09E-08  2.55E-09  6.21E-09  6.60E-08  8.80E-09  3.23E-07  3.46E-07  1.77E-08  8.25E-08  2.64E-07  5.33E-08  2.14E-09  6.27E-08  5.46E-08  3.58E-08  3.58E-08  3.58E-08  3.58E-08  4.29E-08  3.22E-07  2.99E-08  1.14E-09  2.39E-09  2.09E-07  
Gallbladder Wall           3.39E-07  1.55E-10  2.65E-08  6.90E-05  7.11E-08  4.54E-07  3.26E-07  8.64E-07  9.69E-08  1.12E-07  3.60E-07  9.76E-07  7.79E-08  1.15E-07  1.20E-07  9.34E-07  7.70E-08  3.63E-08  3.63E-08  3.63E-08  3.63E-08  1.42E-07  1.87E-08  2.15E-09  3.19E-08  1.14E-07  2.60E-07  
LLI Wall                   1.28E-08  1.03E-11  1.70E-09  5.77E-08  2.52E-05  6.42E-07  8.85E-08  2.51E-07  3.55E-09  4.69E-09  4.35E-08  1.30E-08  3.96E-09  1.35E-07  1.28E-06  3.84E-08  2.02E-07  6.75E-08  6.75E-08  6.75E-08  6.75E-08  4.17E-08  1.16E-09  1.63E-10  6.05E-07  5.47E-07  2.61E-07  
Small Intestine            6.63E-08  2.99E-11  4.87E-09  4.77E-07  7.63E-07  9.44E-06  2.07E-07  1.38E-06  1.41E-08  1.69E-08  2.05E-07  1.13E-07  1.36E-08  1.12E-07  1.01E-06  1.41E-07  1.60E-07  5.03E-08  5.03E-08  5.03E-08  5.03E-08  9.70E-08  3.79E-09  5.54E-10  2.16E-07  8.99E-07  2.57E-07  
Stomach Wall               2.65E-07  2.90E-10  5.54E-08  3.33E-07  1.33E-07  2.20E-07  1.68E-05  3.16E-07  1.81E-07  2.93E-07  2.30E-07  1.68E-07  1.29E-07  1.11E-07  5.43E-08  1.36E-06  5.83E-08  3.76E-08  3.76E-08  3.76E-08  3.76E-08  7.55E-07  3.59E-08  3.82E-09  1.61E-08  5.14E-08  2.49E-07  
ULI Wall                   7.64E-08  3.65E-11  7.49E-09  8.66E-07  3.27E-07  1.52E-06  2.89E-07  1.71E-05  1.81E-08  2.32E-08  1.96E-07  1.86E-07  1.71E-08  9.99E-08  9.08E-07  1.73E-07  1.35E-07  4.31E-08  4.31E-08  4.31E-08  4.31E-08  9.39E-08  4.75E-09  6.12E-10  1.63E-07  4.51E-07  2.60E-07  
Heart Wall                 2.52E-07  1.24E-09  2.79E-07  1.03E-07  6.78E-09  1.73E-08  2.64E-07  2.42E-08  1.02E-05  2.94E-05  6.56E-08  2.67E-07  5.14E-07  9.89E-08  5.52E-09  3.62E-07  8.31E-08  5.17E-08  5.17E-08  5.17E-08  5.17E-08  1.63E-07  7.10E-07  3.56E-08  1.97E-09  5.99E-09  2.56E-07  
Kidneys                    8.15E-07  1.21E-10  1.38E-08  3.62E-07  5.75E-08  2.04E-07  2.30E-07  1.92E-07  5.77E-08  6.36E-08  2.54E-05  2.81E-07  6.54E-08  9.73E-08  6.15E-08  5.02E-07  1.49E-07  6.20E-08  6.20E-08  6.20E-08  6.20E-08  7.28E-07  1.23E-08  2.10E-09  1.57E-08  5.19E-08  2.41E-07  
Liver                      4.53E-07  4.96E-10  6.72E-08  9.30E-07  1.63E-08  1.17E-07  1.72E-07  1.99E-07  2.53E-07  2.70E-07  2.93E-07  6.46E-06  2.39E-07  8.05E-08  3.45E-08  4.29E-07  7.47E-08  4.65E-08  4.65E-08  4.65E-08  4.65E-08  7.59E-08  5.48E-08  7.32E-09  9.59E-09  2.84E-08  2.51E-07  
Lungs                      3.13E-07  4.97E-09  2.59E-07  8.38E-08  5.82E-09  1.69E-08  1.52E-07  2.07E-08  6.82E-07  6.40E-07  8.18E-08  2.93E-07  1.10E-05  1.28E-07  4.91E-09  2.44E-07  1.25E-07  7.97E-08  7.97E-08  7.97E-08  7.97E-08  2.28E-07  3.75E-07  1.06E-07  1.47E-09  4.51E-09  2.70E-07  
Muscle                     1.12E-07  1.56E-08  4.18E-08  1.16E-07  1.22E-07  1.12E-07  1.04E-07  1.08E-07  9.26E-08  9.62E-08  9.76E-08  7.74E-08  1.02E-07  4.41E-07  1.41E-07  1.31E-07  8.29E-08  6.64E-08  6.64E-08  6.64E-08  6.64E-08  1.10E-07  1.11E-07  9.48E-08  1.31E-07  1.43E-07  2.17E-07  
Ovaries                    1.95E-08  1.73E-11  1.92E-09  1.30E-07  1.66E-06  1.16E-06  6.13E-08  9.31E-07  5.04E-09  6.13E-09  7.05E-08  3.79E-08  4.56E-09  1.61E-07  6.77E-04  4.17E-08  2.32E-07  6.86E-08  6.86E-08  6.86E-08  6.86E-08  3.34E-08  1.51E-09  1.59E-10  6.69E-07  2.10E-06  2.84E-07  
Pancreas                   9.33E-07  2.30E-10  4.13E-08  6.40E-07  4.18E-08  1.18E-07  1.11E-06  1.47E-07  2.19E-07  2.96E-07  4.23E-07  3.46E-07  1.63E-07  1.10E-07  3.07E-08  6.10E-05  9.13E-08  4.79E-08  4.79E-08  4.79E-08  4.79E-08  1.21E-06  3.86E-08  4.22E-09  8.62E-09  2.63E-08  2.44E-07  
Red Marrow                 2.02E-07  1.10E-07  4.26E-08  7.28E-08  2.05E-07  1.55E-07  5.64E-08  1.23E-07  7.75E-08  7.42E-08  1.41E-07  6.60E-08  9.26E-08  8.29E-08  1.99E-07  1.02E-07  3.55E-06  1.82E-07  1.29E-06  1.82E-07  4.58E-07  7.05E-08  6.26E-08  6.17E-08  7.09E-08  1.35E-07  2.02E-07  
Osteogenic Cells           4.02E-07  4.70E-07  1.07E-07  1.30E-07  2.60E-07  1.94E-07  1.31E-07  1.64E-07  1.92E-07  1.85E-07  2.27E-07  1.73E-07  2.45E-07  2.52E-07  2.36E-07  2.10E-07  2.77E-06  1.42E-05  1.53E-05  1.28E-06  2.64E-06  1.75E-07  1.62E-07  2.45E-07  1.17E-07  1.58E-07  1.47E-06  
Skin                       2.81E-08  3.50E-08  7.20E-08  2.64E-08  3.11E-08  2.61E-08  3.13E-08  2.70E-08  3.11E-08  3.22E-08  3.43E-08  3.27E-08  3.43E-08  5.31E-08  2.50E-08  2.49E-08  3.75E-08  4.26E-08  4.26E-08  4.26E-08  4.26E-08  3.14E-08  4.16E-08  8.57E-08  3.63E-08  2.65E-08  1.75E-07  
Spleen                     5.75E-07  4.15E-10  3.52E-08  1.31E-07  5.76E-08  1.02E-07  8.00E-07  1.04E-07  1.17E-07  1.67E-07  7.66E-07  7.65E-08  1.91E-07  1.15E-07  3.07E-08  1.50E-06  8.08E-08  5.00E-08  5.00E-08  5.00E-08  5.00E-08  5.05E-05  3.04E-08  5.98E-09  8.09E-09  2.26E-08  2.51E-07  
Thymus                     7.21E-08  7.58E-09  4.66E-07  3.94E-08  2.68E-09  7.01E-09  5.97E-08  7.58E-09  1.53E-06  1.28E-06  2.27E-08  9.73E-08  5.41E-07  2.06E-07  2.43E-09  8.48E-08  1.23E-07  7.89E-08  7.89E-08  7.89E-08  7.89E-08  5.35E-08  7.77E-04  3.42E-07  1.05E-09  2.29E-09  3.32E-07  
Thyroid                    3.38E-09  1.97E-08  1.42E-08  1.22E-09  1.25E-10  3.36E-10  2.11E-09  3.72E-10  2.67E-08  2.10E-08  1.28E-09  4.27E-09  5.15E-08  5.75E-08  8.45E-11  3.04E-09  3.83E-08  3.86E-08  3.86E-08  3.86E-08  3.86E-08  3.46E-09  1.12E-07  1.78E-04  4.42E-11  1.06E-10  1.79E-07  
Urinary Bladder Wall       6.38E-09  5.23E-12  1.03E-09  3.81E-08  5.38E-07  2.13E-07  1.37E-08  1.53E-07  1.83E-09  2.12E-09  2.06E-08  9.42E-09  1.32E-09  1.62E-07  5.75E-07  9.78E-09  7.09E-08  3.35E-08  3.35E-08  3.35E-08  3.35E-08  7.56E-09  5.83E-10  7.44E-11  2.54E-05  1.39E-06  2.62E-07  
Uterus                     1.66E-08  1.08E-11  1.88E-09  1.12E-07  5.99E-07  8.99E-07  4.62E-08  4.33E-07  4.18E-09  5.83E-09  5.21E-08  2.73E-08  3.67E-09  1.43E-07  1.84E-06  3.13E-08  1.35E-07  4.17E-08  4.17E-08  4.17E-08  4.17E-08  2.15E-08  1.24E-09  1.74E-10  1.35E-06  8.51E-05  2.60E-07  
Total Body                 2.94E-07  2.40E-07  2.06E-07  1.65E-07  2.28E-07  2.50E-07  1.69E-07  2.07E-07  1.67E-07  2.65E-07  2.73E-07  2.75E-07  2.65E-07  2.19E-07  2.98E-07  3.04E-07  2.70E-07  2.59E-07  2.59E-07  2.59E-07  2.59E-07  2.78E-07  2.58E-07  2.43E-07  1.49E-07  2.99E-07  2.48E-07  

   
 OLINDA - Organ Level INternal Dose Assessment Code

Dose Conversion Factors (mGy/MBq-s), Nuclide: Tl-201 (7.29E01 hr), 15-year-old

                           Adrenals  Brain     Breasts   GB Cont   LLI Cont  SI Cont   StomCont  ULI Cont  HeartCon  Hrt Wall  Kidneys   Liver     Lungs     Muscle    Ovaries   Pancreas  Red Mar.  CortBoneS TrabBoneS CortBoneV TrabBoneV Spleen    Testes    Thymus    Thyroid   UB Cont   Uterus    TotBody
Adrenals                   5.80E-04  4.16E-10  3.86E-08  2.94E-07  1.74E-08  6.64E-08  2.49E-07  7.82E-08  2.15E-07  2.47E-07  8.15E-07  4.38E-07  2.49E-07  1.12E-07  1.69E-08  1.11E-06  1.97E-07  1.04E-07  1.04E-07  1.04E-07  1.04E-07  5.45E-07  1.24E-09  3.73E-08  5.18E-09  5.23E-09  1.64E-08  1.33E-07  
Brain                      4.53E-10  6.94E-06  1.92E-09  1.19E-10  1.40E-11  3.22E-11  2.53E-10  3.97E-11  1.92E-09  1.99E-09  1.30E-10  5.92E-10  5.49E-09  2.23E-08  1.31E-11  4.09E-10  9.30E-08  1.22E-07  1.22E-07  1.22E-07  1.22E-07  6.43E-10  1.48E-12  6.18E-09  1.02E-07  5.41E-12  1.17E-11  2.47E-07  
Breasts                    8.01E-08  3.67E-09  5.54E-05  5.28E-08  4.50E-09  1.00E-08  1.09E-07  1.40E-08  5.30E-07  5.59E-07  3.01E-08  1.31E-07  4.29E-07  8.59E-08  3.26E-09  9.86E-08  8.46E-08  5.60E-08  5.60E-08  5.60E-08  5.60E-08  7.04E-08  0.00E000  5.34E-07  5.27E-08  1.86E-09  3.72E-09  2.81E-07  
Gallbladder Wall           3.39E-07  1.19E-10  2.76E-08  6.95E-05  7.66E-08  4.58E-07  3.13E-07  8.76E-07  9.54E-08  1.19E-07  3.59E-07  1.00E-06  7.80E-08  1.10E-07  1.21E-07  9.60E-07  7.70E-08  3.71E-08  3.71E-08  3.71E-08  3.71E-08  1.47E-07  5.58E-09  1.85E-08  2.12E-09  3.17E-08  1.14E-07  2.88E-07  
LLI Wall                   1.21E-08  1.03E-11  2.03E-09  5.81E-08  3.03E-05  6.57E-07  8.96E-08  2.47E-07  3.15E-09  4.47E-09  4.54E-08  1.34E-08  3.35E-09  1.35E-07  1.32E-06  4.02E-08  2.01E-07  6.89E-08  6.89E-08  6.89E-08  6.89E-08  4.33E-08  2.29E-07  1.13E-09  1.64E-10  6.03E-07  5.49E-07  2.86E-07  
Small Intestine            6.64E-08  2.96E-11  4.83E-09  4.76E-07  7.64E-07  1.04E-05  2.07E-07  1.41E-06  1.43E-08  1.70E-08  2.03E-07  1.13E-07  1.34E-08  1.12E-07  1.01E-06  1.39E-07  1.60E-07  5.03E-08  5.03E-08  5.03E-08  5.03E-08  9.72E-08  2.66E-08  3.81E-09  5.55E-10  2.21E-07  9.01E-07  2.86E-07  
Stomach Wall               2.63E-07  1.87E-10  5.78E-08  3.28E-07  1.30E-07  2.21E-07  1.90E-05  3.18E-07  1.78E-07  2.79E-07  2.33E-07  1.60E-07  1.37E-07  1.20E-07  5.42E-08  1.33E-06  6.21E-08  3.21E-08  3.21E-08  3.21E-08  3.21E-08  7.57E-07  3.57E-09  3.62E-08  3.30E-09  1.60E-08  5.08E-08  2.83E-07  
ULI Wall                   7.54E-08  3.65E-11  8.71E-09  8.69E-07  3.26E-07  1.53E-06  2.85E-07  1.97E-05  1.93E-08  2.02E-08  2.01E-07  1.80E-07  1.68E-08  1.17E-07  9.04E-07  1.72E-07  1.35E-07  4.22E-08  4.22E-08  4.22E-08  4.22E-08  9.40E-08  1.94E-08  4.61E-09  6.07E-10  1.60E-07  4.52E-07  2.89E-07  
Heart Wall                 2.78E-07  2.05E-09  3.03E-07  1.13E-07  6.73E-09  1.91E-08  2.80E-07  2.70E-08  1.17E-05  3.33E-05  7.14E-08  2.85E-07  5.67E-07  1.07E-07  6.28E-09  3.91E-07  8.91E-08  5.56E-08  5.56E-08  5.56E-08  5.56E-08  1.72E-07  5.72E-10  7.65E-07  3.81E-08  2.19E-09  6.55E-09  2.88E-07  
Kidneys                    8.47E-07  1.24E-10  1.51E-08  3.79E-07  6.10E-08  2.11E-07  2.38E-07  2.00E-07  6.03E-08  6.60E-08  2.98E-05  2.95E-07  6.92E-08  1.02E-07  6.65E-08  5.24E-07  1.52E-07  6.28E-08  6.28E-08  6.28E-08  6.28E-08  7.35E-07  2.49E-09  1.38E-08  2.13E-09  1.65E-08  5.39E-08  2.65E-07  
Liver                      4.95E-07  6.16E-10  7.14E-08  1.01E-06  1.80E-08  1.28E-07  1.87E-07  2.11E-07  2.64E-07  2.87E-07  3.21E-07  7.20E-06  2.55E-07  8.77E-08  3.73E-08  4.70E-07  7.90E-08  5.05E-08  5.05E-08  5.05E-08  5.05E-08  8.25E-08  1.71E-09  5.88E-08  8.05E-09  1.05E-08  3.06E-08  2.79E-07  
Lungs                      2.85E-07  5.71E-09  2.39E-07  7.62E-08  5.72E-09  1.50E-08  1.35E-07  1.88E-08  6.13E-07  5.75E-07  7.53E-08  2.59E-07  1.15E-05  1.16E-07  4.60E-09  2.23E-07  1.08E-07  7.28E-08  7.28E-08  7.28E-08  7.28E-08  2.08E-07  3.48E-10  3.40E-07  9.76E-08  1.31E-09  4.05E-09  2.75E-07  
Muscle                     1.12E-07  2.05E-08  4.13E-08  1.18E-07  1.22E-07  1.12E-07  1.05E-07  1.08E-07  9.22E-08  9.56E-08  9.83E-08  7.74E-08  1.02E-07  4.74E-07  1.43E-07  1.31E-07  8.35E-08  6.63E-08  6.63E-08  6.63E-08  6.63E-08  1.10E-07  1.01E-07  1.12E-07  1.35E-07  1.31E-07  1.43E-07  2.37E-07  
Ovaries                    2.70E-08  1.92E-11  2.51E-09  1.80E-07  2.31E-06  1.62E-06  8.55E-08  1.31E-06  7.00E-08  8.95E-09  1.02E-07  5.27E-08  6.55E-09  2.29E-07  1.17E-03  6.13E-08  3.31E-07  9.73E-08  9.73E-08  9.73E-08  9.73E-08  4.62E-08  0.00E000  2.13E-09  3.05E-10  9.36E-07  3.01E-06  3.75E-07  
Pancreas                   8.50E-07  2.87E-10  3.62E-08  5.85E-07  3.84E-08  1.06E-07  1.02E-06  1.38E-07  1.99E-07  2.66E-07  3.85E-07  3.17E-07  1.51E-07  9.96E-08  2.92E-08  6.88E-05  8.23E-08  4.27E-08  4.27E-08  4.27E-08  4.27E-08  1.08E-06  1.58E-09  3.32E-08  3.25E-09  7.82E-09  2.35E-08  2.53E-07  
Red Marrow                 2.05E-07  1.03E-07  4.32E-08  7.29E-08  2.01E-07  1.54E-07  5.66E-08  1.23E-07  7.93E-08  7.93E-08  1.42E-07  6.63E-08  9.37E-08  8.35E-08  2.01E-07  1.04E-07  4.31E-06  1.83E-07  5.24E-07  1.83E-07  5.24E-07  7.18E-08  2.84E-08  6.37E-08  6.67E-08  7.10E-08  1.26E-07  2.05E-07  
Osteogenic Cells           4.12E-07  4.46E-07  1.13E-07  1.28E-07  2.64E-07  1.94E-07  1.31E-07  1.66E-07  2.01E-07  2.01E-07  2.39E-07  1.73E-07  2.51E-07  2.52E-07  2.32E-07  2.15E-07  2.73E-06  1.28E-06  2.61E-06  1.28E-06  2.61E-06  1.81E-07  1.16E-07  1.69E-07  2.45E-07  1.17E-07  1.57E-07  4.46E-07  
Skin                       2.82E-08  3.55E-08  7.22E-08  2.64E-08  3.19E-08  2.58E-08  3.12E-08  2.70E-08  3.08E-08  3.24E-08  3.41E-08  3.26E-08  3.39E-08  5.21E-08  2.51E-08  2.45E-08  3.65E-08  4.32E-08  4.32E-08  4.32E-08  4.32E-08  3.12E-08  1.02E-07  4.24E-08  3.97E-08  3.65E-08  2.66E-08  1.94E-07  
Spleen                     5.06E-07  5.49E-10  3.15E-08  1.18E-07  5.17E-08  9.03E-08  7.07E-07  9.21E-08  1.02E-07  1.43E-07  6.58E-07  6.77E-08  1.66E-07  1.02E-07  2.69E-08  1.32E-06  6.94E-08  4.34E-08  4.34E-08  4.34E-08  4.34E-08  5.14E-05  1.64E-09  2.85E-08  5.11E-09  7.18E-09  2.04E-08  2.55E-07  
Testes                     ?  ?  ?  ?  ?  ?  ?  ?  ?  ?  ?  ?  ?  ?  ?  ?  ?  ?  ?  ?  ?  ?  ?  ?  ?  ?  ?  ?  
Thymus                     5.72E-08  8.70E-09  3.94E-07  3.27E-08  2.21E-09  5.83E-09  4.89E-08  7.17E-09  1.27E-06  1.04E-06  2.03E-08  7.96E-08  4.59E-07  1.71E-07  2.04E-09  6.67E-08  1.00E-07  6.59E-08  6.59E-08  6.59E-08  6.59E-08  4.70E-08  2.26E-10  4.21E-04  2.89E-07  8.83E-10  1.90E-09  3.15E-07  
Thyroid                    3.03E-09  5.48E-08  1.48E-08  1.23E-09  1.19E-10  3.24E-10  1.93E-09  3.55E-10  2.64E-08  1.98E-08  1.20E-09  4.16E-09  5.01E-08  7.86E-08  1.12E-10  2.49E-09  3.59E-08  3.61E-08  3.61E-08  3.61E-08  3.61E-08  3.22E-09  1.29E-11  1.10E-07  2.29E-04  4.67E-11  1.00E-10  2.10E-07  
Urinary Bladder Wall       6.40E-09  4.97E-12  1.01E-09  3.81E-08  5.38E-07  2.17E-07  1.35E-08  1.53E-07  1.82E-09  2.12E-09  2.06E-08  9.49E-09  1.35E-09  1.63E-07  5.73E-07  9.83E-09  8.18E-08  3.21E-08  3.21E-08  3.21E-08  3.21E-08  7.59E-09  4.49E-07  5.84E-10  8.27E-11  2.36E-05  1.39E-06  2.99E-07  
Uterus                     1.64E-08  1.07E-11  1.79E-09  1.12E-07  5.99E-07  9.01E-07  4.55E-08  4.29E-07  4.18E-09  5.83E-09  5.18E-08  2.71E-08  3.65E-09  1.43E-07  1.88E-06  3.08E-08  1.35E-07  4.16E-08  4.16E-08  4.16E-08  4.16E-08  2.19E-08  0.00E000  1.24E-09  1.71E-10  1.33E-06  8.60E-05  2.88E-07  
Total Body                 3.28E-07  2.74E-07  2.33E-07  1.89E-07  2.55E-07  2.89E-07  1.83E-07  2.32E-07  1.82E-07  3.16E-07  3.03E-07  3.04E-07  2.98E-07  2.71E-07  3.44E-07  3.43E-07  2.99E-07  2.90E-07  2.90E-07  2.90E-07  2.90E-07  3.04E-07  2.64E-07  2.98E-07  2.99E-07  1.61E-07  3.37E-07  2.79E-07  

   
   
 OLINDA - Organ Level INternal Dose Assessment Code

Dose Conversion Factors (mGy/MBq-s), Nuclide: Tl-201 (7.29E01 hr), 10-year-old

                           Adrenals  Brain     Breasts   GB Cont   LLI Cont  SI Cont   StomCont  ULI Cont  HeartCon  Hrt Wall  Kidneys   Liver     Lungs     Muscle    Ovaries   Pancreas  Red Mar.  CortBoneS TrabBoneS CortBoneV TrabBoneV Spleen    Testes    Thymus    Thyroid   UB Cont   Uterus    TotBody
Adrenals                   8.39E-04  1.35E-09  9.91E-08  5.37E-07  3.93E-08  1.26E-07  3.79E-07  1.39E-07  3.48E-07  3.83E-07  1.26E-06  6.34E-07  3.89E-07  1.58E-07  4.84E-08  1.62E-06  2.57E-07  1.49E-07  1.49E-07  1.49E-07  1.49E-07  8.39E-07  4.53E-09  7.69E-08  1.44E-08  1.46E-08  3.76E-08  1.99E-07  
Brain                      1.52E-09  7.51E-06  2.98E-09  5.70E-10  6.46E-11  1.41E-10  7.80E-10  1.76E-10  4.76E-09  4.10E-09  6.09E-10  1.53E-09  1.12E-08  3.65E-08  6.33E-11  1.11E-09  1.24E-07  1.70E-07  1.70E-07  1.70E-07  1.70E-07  2.12E-09  1.11E-11  1.39E-08  1.25E-07  3.03E-11  5.70E-11  4.34E-07  
Breasts                    2.14E-08  5.71E-10  2.41E-04  1.39E-08  1.66E-09  2.84E-09  2.22E-08  3.57E-09  1.03E-07  1.15E-07  8.48E-09  2.56E-08  8.49E-08  1.53E-08  1.53E-09  2.24E-08  1.39E-08  1.02E-08  1.02E-08  1.02E-08  1.02E-08  1.83E-08  0.00E000  8.08E-08  1.52E-08  7.86E-10  1.48E-09  2.80E-07  
Gallbladder Wall           5.99E-07  4.03E-10  6.84E-08  8.75E-05  1.53E-07  8.20E-07  9.55E-07  1.35E-06  2.30E-07  2.51E-07  5.91E-07  1.25E-06  1.25E-07  2.07E-07  2.17E-07  2.25E-06  1.04E-07  6.46E-08  6.46E-08  6.46E-08  6.46E-08  3.39E-07  1.68E-08  3.69E-08  7.13E-09  1.05E-07  2.43E-07  4.97E-07  
LLI Wall                   3.32E-08  4.69E-11  6.44E-09  1.25E-07  5.23E-05  9.85E-07  1.56E-07  4.01E-07  7.01E-09  1.17E-08  8.53E-08  3.23E-08  8.79E-09  2.13E-07  1.91E-06  7.80E-08  2.74E-07  1.04E-07  1.04E-07  1.04E-07  1.04E-07  8.87E-08  3.91E-07  3.24E-09  7.37E-10  9.40E-07  9.11E-07  4.74E-07  
Small Intestine            1.26E-07  1.25E-10  1.32E-08  8.08E-07  1.13E-06  1.83E-05  3.50E-07  2.05E-06  3.60E-08  3.90E-08  3.40E-07  2.33E-07  2.70E-08  1.78E-07  1.55E-06  2.55E-07  2.15E-07  7.68E-08  7.68E-08  7.68E-08  7.68E-08  1.86E-07  6.03E-08  6.83E-09  1.80E-09  3.77E-07  1.44E-06  4.74E-07  
Stomach Wall               3.99E-07  5.44E-10  1.06E-07  8.99E-07  2.21E-07  3.60E-07  2.69E-05  4.90E-07  2.91E-07  4.29E-07  3.53E-07  3.22E-07  2.05E-07  1.77E-07  1.07E-07  1.96E-06  8.90E-08  5.57E-08  5.57E-08  5.57E-08  5.57E-08  1.04E-06  6.00E-09  5.24E-08  9.59E-09  4.03E-08  1.04E-07  4.78E-07  
ULI Wall                   1.36E-07  1.40E-10  1.68E-08  1.31E-06  5.19E-07  2.29E-06  4.70E-07  3.44E-05  4.18E-08  4.35E-08  3.28E-07  3.69E-07  3.54E-08  1.63E-07  1.34E-06  2.95E-07  1.89E-07  6.71E-08  6.71E-08  6.71E-08  6.71E-08  1.90E-07  5.20E-08  8.90E-09  2.25E-09  2.96E-07  7.41E-07  4.72E-07  
Heart Wall                 4.46E-07  4.25E-09  6.21E-07  2.57E-07  1.76E-08  4.55E-08  4.77E-07  5.55E-08  1.78E-05  5.47E-05  1.31E-07  4.47E-07  8.25E-07  1.61E-07  1.43E-08  6.33E-07  1.22E-07  8.70E-08  8.70E-08  8.70E-08  8.70E-08  2.95E-07  2.45E-09  9.54E-07  8.76E-08  4.82E-09  1.18E-08  4.79E-07  
Kidneys                    1.20E-06  5.14E-10  3.74E-08  5.10E-07  9.67E-08  3.24E-07  3.25E-07  2.81E-07  9.23E-08  1.07E-07  3.70E-05  4.24E-07  1.08E-07  1.35E-07  1.10E-07  7.30E-07  1.93E-07  9.02E-08  9.02E-08  9.02E-08  9.02E-08  1.05E-06  7.44E-09  2.00E-08  6.24E-09  3.27E-08  9.67E-08  4.31E-07  
Liver                      7.48E-07  1.60E-09  1.40E-07  1.42E-06  4.82E-08  2.75E-07  3.66E-07  4.52E-07  4.25E-07  4.52E-07  5.26E-07  1.15E-05  3.63E-07  1.33E-07  9.24E-08  7.93E-07  1.16E-07  7.82E-08  7.82E-08  7.82E-08  7.82E-08  1.73E-07  5.95E-09  9.18E-08  2.11E-08  3.17E-08  8.09E-08  4.81E-07  
Lungs                      5.00E-07  1.27E-08  5.13E-07  1.59E-07  1.36E-08  3.44E-08  2.30E-07  4.28E-08  1.00E-06  9.27E-07  1.47E-07  3.99E-07  1.98E-05  1.82E-07  1.31E-08  3.81E-07  1.64E-07  1.27E-07  1.27E-07  1.27E-07  1.27E-07  3.64E-07  1.78E-09  5.60E-07  2.13E-07  4.59E-09  1.18E-08  4.78E-07  
Muscle                     1.58E-07  3.24E-08  7.08E-08  1.71E-07  1.86E-07  1.78E-07  1.42E-07  1.64E-07  1.29E-07  1.38E-07  1.41E-07  1.13E-07  1.39E-07  9.72E-07  2.19E-07  1.86E-07  1.21E-07  9.97E-08  9.97E-08  9.97E-08  9.97E-08  1.60E-07  1.51E-07  1.58E-07  2.11E-07  1.99E-07  2.39E-07  4.02E-07  
Ovaries                    5.04E-08  5.86E-11  7.37E-09  2.24E-07  2.28E-06  1.62E-06  1.03E-07  1.27E-06  1.11E-08  1.28E-08  1.21E-07  8.16E-08  1.07E-08  2.28E-07  2.04E-03  8.18E-08  2.85E-07  9.21E-08  9.21E-08  9.21E-08  9.21E-08  6.34E-08  0.00E000  3.91E-09  8.94E-10  9.33E-07  2.75E-06  4.90E-07  
Pancreas                   9.22E-07  5.61E-10  5.92E-08  1.00E-06  5.53E-08  1.45E-07  1.11E-06  1.78E-07  2.33E-07  3.09E-07  4.37E-07  3.83E-07  1.64E-07  1.06E-07  4.47E-08  9.41E-05  8.36E-08  4.79E-08  4.79E-08  4.79E-08  4.79E-08  1.15E-06  4.09E-09  3.81E-08  7.37E-09  1.60E-08  4.28E-08  3.86E-07  
Red Marrow                 2.74E-07  1.39E-07  6.94E-08  1.12E-07  2.70E-07  2.09E-07  8.19E-08  1.74E-07  1.08E-07  1.08E-07  2.05E-07  9.59E-08  1.30E-07  1.21E-07  2.69E-07  1.41E-07  7.31E-06  2.72E-07  9.99E-07  2.72E-07  9.99E-07  1.11E-07  5.01E-08  8.56E-08  8.25E-08  1.08E-07  1.72E-07  3.47E-07  
Osteogenic Cells           6.20E-07  6.30E-07  1.91E-07  2.21E-07  3.84E-07  3.03E-07  2.13E-07  2.58E-07  3.09E-07  3.09E-07  3.74E-07  2.64E-07  3.90E-07  3.86E-07  3.59E-07  3.35E-07  4.41E-06  1.96E-06  4.12E-06  1.96E-06  4.12E-06  2.95E-07  1.76E-07  2.57E-07  3.22E-07  1.95E-07  2.45E-07  6.86E-07  
Skin                       4.48E-08  5.27E-08  1.29E-07  4.26E-08  5.21E-08  4.13E-08  4.97E-08  4.30E-08  4.72E-08  5.11E-08  5.43E-08  5.11E-08  5.56E-08  8.23E-08  4.40E-08  4.12E-08  6.04E-08  6.73E-08  6.73E-08  6.73E-08  6.73E-08  5.05E-08  1.49E-07  6.12E-08  5.37E-08  6.06E-08  4.40E-08  3.41E-07  
Spleen                     7.82E-07  1.76E-09  7.93E-08  2.97E-07  1.08E-07  1.74E-07  9.53E-07  1.72E-07  1.85E-07  2.36E-07  1.03E-06  1.37E-07  2.55E-07  1.49E-07  5.67E-08  1.89E-06  1.03E-07  6.84E-08  6.84E-08  6.84E-08  6.84E-08  7.99E-05  5.89E-09  4.15E-08  1.43E-08  1.78E-08  4.91E-08  4.35E-07  
Testes                     ?  ?  ?  ?  ?  ?  ?  ?  ?  ?  ?  ?  ?  ?  ?  ?  ?  ?  ?  ?  ?  ?  ?  ?  ?  ?  ?  ?  
Thymus                     1.25E-07  2.01E-08  6.11E-07  6.01E-08  6.42E-09  1.11E-08  8.65E-08  1.39E-08  1.60E-06  1.33E-06  3.44E-08  1.27E-07  7.04E-07  2.59E-07  6.12E-09  1.09E-07  1.37E-07  1.04E-07  1.04E-07  1.04E-07  1.04E-07  7.26E-08  1.08E-09  4.19E-04  7.76E-07  3.06E-09  5.94E-09  5.25E-07  
Thyroid                    8.16E-09  6.27E-08  3.98E-08  3.70E-09  4.98E-10  1.02E-09  4.54E-09  1.35E-09  5.10E-08  4.24E-08  3.71E-09  1.01E-08  9.32E-08  1.19E-07  4.84E-10  7.31E-09  4.34E-08  4.65E-08  4.65E-08  4.65E-08  4.65E-08  8.68E-09  8.81E-11  2.69E-07  3.35E-04  2.40E-10  4.52E-10  3.66E-07  
Urinary Bladder Wall       1.67E-08  2.71E-11  3.67E-09  8.26E-08  8.31E-07  3.91E-07  4.55E-08  3.06E-07  5.52E-09  6.13E-09  3.39E-08  2.76E-08  4.28E-09  2.19E-07  9.47E-07  2.64E-08  1.15E-07  5.63E-08  5.63E-08  5.63E-08  5.63E-08  2.16E-08  8.78E-07  1.88E-09  4.26E-10  3.54E-05  2.29E-06  4.66E-07  
Uterus                     3.76E-08  5.07E-11  6.85E-09  2.21E-07  9.63E-07  1.44E-06  8.96E-08  7.33E-07  1.08E-08  1.01E-08  1.02E-07  6.86E-08  9.21E-09  2.39E-07  2.63E-06  7.51E-08  1.74E-07  6.19E-08  6.19E-08  6.19E-08  6.19E-08  5.27E-08  0.00E000  3.64E-09  8.00E-10  2.15E-06  1.47E-03  4.82E-07  
Total Body                 5.55E-07  4.83E-07  3.85E-07  2.94E-07  4.18E-07  4.86E-07  2.98E-07  3.94E-07  2.82E-07  5.31E-07  5.12E-07  5.31E-07  4.93E-07  4.57E-07  5.73E-07  5.73E-07  5.02E-07  4.87E-07  4.87E-07  4.87E-07  4.87E-07  5.23E-07  4.44E-07  4.94E-07  5.20E-07  2.54E-07  5.76E-07  4.78E-07  

   
   
 OLINDA - Organ Level INternal Dose Assessment Code

Dose Conversion Factors (mGy/MBq-s), Nuclide: Tl-201 (7.29E01 hr), 5-year-old

                           Adrenals  Brain     Breasts   GB Cont   LLI Cont  SI Cont   StomCont  ULI Cont  HeartCon  Hrt Wall  Kidneys   Liver     Lungs     Muscle    Ovaries   Pancreas  Red Mar.  CortBoneS TrabBoneS CortBoneV TrabBoneV Spleen    Testes    Thymus    Thyroid   UB Cont   Uterus    TotBody
Adrenals                   1.14E-03  3.28E-09  1.41E-07  7.39E-07  7.91E-08  2.31E-07  5.59E-07  2.47E-07  5.04E-07  5.06E-07  1.85E-06  8.25E-07  5.96E-07  2.35E-07  9.72E-08  2.11E-06  3.30E-07  2.35E-07  2.35E-07  2.35E-07  2.35E-07  1.27E-06  1.27E-08  9.80E-08  3.52E-08  3.12E-08  8.46E-08  3.00E-07  
Brain                      3.54E-09  7.55E-06  6.62E-09  1.21E-09  2.39E-10  5.09E-10  1.96E-09  7.12E-10  9.83E-09  9.04E-09  1.50E-09  3.23E-09  1.78E-08  6.28E-08  2.00E-10  3.12E-09  1.86E-07  2.45E-07  2.45E-07  2.45E-07  2.45E-07  3.45E-09  5.55E-11  2.63E-08  1.51E-07  1.31E-10  2.28E-10  6.53E-07  
Breasts                    2.80E-08  1.22E-09  3.60E-04  2.31E-08  3.98E-09  6.12E-09  3.65E-08  8.38E-09  1.44E-07  1.67E-07  1.15E-08  3.97E-08  1.09E-07  2.21E-08  3.75E-09  3.89E-08  1.66E-08  1.50E-08  1.50E-08  1.50E-08  1.50E-08  2.66E-08  0.00E000  1.07E-07  3.13E-08  2.13E-09  3.55E-09  4.21E-07  
Gallbladder Wall           8.80E-07  1.16E-09  1.23E-07  1.66E-04  3.39E-07  1.32E-06  1.68E-06  1.82E-06  3.71E-07  4.70E-07  7.63E-07  1.88E-06  2.99E-07  3.06E-07  3.47E-07  3.55E-06  1.48E-07  8.84E-08  8.84E-08  8.84E-08  8.84E-08  7.09E-07  3.98E-08  7.64E-08  1.94E-08  1.16E-07  4.06E-07  7.56E-07  
LLI Wall                   6.79E-08  1.87E-10  1.31E-08  2.77E-07  8.67E-05  1.42E-06  2.55E-07  6.47E-07  2.15E-08  3.06E-08  1.63E-07  7.82E-08  2.50E-08  3.06E-07  2.80E-06  1.37E-07  3.28E-07  1.62E-07  1.62E-07  1.62E-07  1.62E-07  1.59E-07  6.35E-07  7.93E-09  2.68E-09  1.30E-06  1.33E-06  7.03E-07  
Small Intestine            2.31E-07  4.71E-10  3.09E-08  1.29E-06  1.72E-06  3.01E-05  5.61E-07  2.92E-06  6.80E-08  7.47E-08  5.20E-07  4.17E-07  5.58E-08  2.67E-07  2.25E-06  4.43E-07  2.67E-07  1.19E-07  1.19E-07  1.19E-07  1.19E-07  3.02E-07  1.18E-07  1.72E-08  5.77E-11  6.13E-07  2.17E-06  7.17E-07  
Stomach Wall               5.67E-07  1.52E-09  1.92E-07  1.68E-06  3.60E-07  5.85E-07  4.58E-05  7.73E-07  4.62E-07  6.62E-07  4.88E-07  5.89E-07  3.20E-07  2.33E-07  2.01E-07  2.57E-06  1.17E-07  8.68E-08  8.68E-08  8.68E-08  8.68E-08  1.41E-06  1.89E-08  9.39E-08  2.75E-08  7.97E-08  1.93E-07  6.83E-07  
ULI Wall                   2.41E-07  4.87E-10  3.45E-08  1.96E-06  8.47E-07  3.18E-06  7.33E-07  5.64E-05  8.50E-08  1.04E-07  4.80E-07  6.72E-07  7.27E-08  2.80E-07  1.99E-06  4.94E-07  2.41E-07  1.07E-07  1.07E-07  1.07E-07  1.07E-07  2.90E-07  9.73E-08  1.92E-08  6.20E-09  5.04E-07  1.13E-06  7.23E-07  
Heart Wall                 5.41E-07  8.95E-09  9.00E-07  3.95E-07  3.71E-08  7.98E-08  6.59E-07  1.01E-07  2.73E-05  7.67E-05  1.99E-07  6.16E-07  1.07E-06  2.21E-07  3.55E-08  8.35E-07  1.39E-07  1.23E-07  1.23E-07  1.23E-07  1.23E-07  3.93E-07  6.90E-09  1.27E-06  1.73E-07  1.38E-08  2.95E-08  6.87E-07  
Kidneys                    1.73E-06  1.30E-09  5.41E-08  7.01E-07  1.88E-07  4.87E-07  4.28E-07  4.38E-07  1.55E-07  1.74E-07  5.28E-05  5.95E-07  1.82E-07  1.99E-07  2.11E-07  9.78E-07  2.46E-07  1.46E-07  1.46E-07  1.46E-07  1.46E-07  1.44E-06  1.67E-08  4.22E-08  1.99E-08  6.88E-08  1.65E-07  6.45E-07  
Liver                      1.13E-06  4.11E-09  2.76E-07  2.26E-06  1.26E-07  5.74E-07  7.86E-07  9.08E-07  7.27E-07  7.94E-07  8.75E-07  2.08E-05  6.10E-07  2.37E-07  2.11E-07  1.45E-06  1.90E-07  1.45E-07  1.45E-07  1.45E-07  1.45E-07  3.34E-07  2.13E-08  1.76E-07  5.31E-08  8.76E-08  2.02E-07  7.71E-07  
Lungs                      7.83E-07  2.11E-08  7.20E-07  2.84E-07  3.22E-08  7.28E-08  3.82E-07  8.54E-08  1.44E-06  1.31E-06  2.51E-07  5.85E-07  3.06E-05  2.74E-07  3.48E-08  6.26E-07  2.23E-07  2.00E-07  2.00E-07  2.00E-07  2.00E-07  5.55E-07  4.07E-09  7.73E-07  3.57E-07  1.25E-08  2.75E-08  7.17E-07  
Muscle                     2.35E-07  5.82E-08  1.11E-07  2.53E-07  2.88E-07  2.67E-07  2.19E-07  2.47E-07  1.99E-07  2.07E-07  2.13E-07  1.72E-07  2.07E-07  3.10E-06  3.36E-07  2.74E-07  1.74E-07  1.51E-07  1.51E-07  1.51E-07  1.51E-07  2.39E-07  2.41E-07  2.39E-07  3.49E-07  2.96E-07  3.63E-07  6.02E-07  
Ovaries                    1.06E-07  2.03E-10  2.07E-08  3.90E-07  3.48E-06  2.46E-06  2.04E-07  1.94E-06  3.40E-08  3.64E-08  2.46E-07  1.68E-07  3.00E-08  3.68E-07  3.94E-03  1.74E-07  3.66E-07  1.50E-07  1.50E-07  1.50E-07  1.50E-07  1.40E-07  0.00E000  1.12E-08  3.50E-09  1.44E-06  4.10E-06  7.54E-07  
Pancreas                   1.57E-06  2.15E-09  1.46E-07  2.17E-06  1.31E-07  3.29E-07  1.85E-06  3.80E-07  4.48E-07  5.81E-07  7.77E-07  7.81E-07  3.58E-07  2.03E-07  1.18E-07  1.74E-04  1.40E-07  1.02E-07  1.02E-07  1.02E-07  1.02E-07  2.08E-06  1.32E-08  9.00E-08  2.65E-08  4.53E-08  1.02E-07  6.34E-07  
Red Marrow                 3.55E-07  2.05E-07  9.01E-08  1.48E-07  3.38E-07  2.69E-07  1.16E-07  2.15E-07  1.40E-07  1.40E-07  2.78E-07  1.34E-07  1.74E-07  1.74E-07  3.36E-07  1.89E-07  1.45E-05  3.97E-07  2.06E-06  3.97E-07  2.06E-06  1.54E-07  7.64E-08  1.14E-07  1.18E-07  1.44E-07  2.15E-07  5.41E-07  
Osteogenic Cells           9.75E-07  9.39E-07  3.02E-07  3.62E-07  5.98E-07  4.79E-07  3.46E-07  4.10E-07  4.72E-07  4.72E-07  6.20E-07  4.22E-07  6.30E-07  5.92E-07  5.61E-07  5.37E-07  7.47E-06  3.04E-06  6.66E-06  3.04E-06  6.66E-06  4.87E-07  3.02E-07  4.10E-07  5.07E-07  3.22E-07  4.04E-07  1.02E-06  
Skin                       7.46E-08  8.04E-08  1.95E-07  7.01E-08  8.37E-08  7.07E-08  7.88E-08  7.40E-08  7.86E-08  8.09E-08  8.43E-08  8.31E-08  8.58E-08  1.29E-07  7.19E-08  6.73E-08  1.04E-07  1.09E-07  1.09E-07  1.09E-07  1.09E-07  7.77E-08  2.21E-07  9.77E-08  8.14E-08  9.63E-08  7.50E-08  5.17E-07  
Spleen                     1.40E-06  3.52E-09  1.48E-07  6.40E-07  2.19E-07  3.32E-07  1.46E-06  3.23E-07  3.28E-07  4.06E-07  1.70E-06  2.68E-07  4.69E-07  2.63E-07  1.41E-07  3.08E-06  1.75E-07  1.55E-07  1.55E-07  1.55E-07  1.55E-07  1.58E-04  1.62E-08  8.62E-08  3.49E-08  4.81E-08  1.10E-07  6.96E-07  
Testes                     ?  ?  ?  ?  ?  ?  ?  ?  ?  ?  ?  ?  ?  ?  ?  ?  ?  ?  ?  ?  ?  ?  ?  ?  ?  ?  ?  ?  
Thymus                     1.36E-07  3.39E-08  7.54E-07  9.98E-08  1.24E-08  2.39E-08  1.39E-07  2.95E-08  1.94E-06  1.65E-06  6.27E-08  1.77E-07  8.08E-07  3.32E-07  1.43E-08  1.68E-07  1.55E-07  1.44E-07  1.44E-07  1.44E-07  1.44E-07  1.09E-07  3.24E-09  3.50E-04  1.29E-06  7.81E-09  1.38E-08  7.30E-07  
Thyroid                    1.83E-08  7.26E-08  8.21E-08  9.37E-09  1.67E-09  2.99E-11  1.37E-08  3.68E-09  1.01E-07  8.41E-08  1.11E-08  2.00E-08  1.42E-07  1.81E-07  1.66E-09  1.85E-08  5.76E-08  6.58E-08  6.58E-08  6.58E-08  6.58E-08  1.64E-08  3.86E-10  4.83E-07  6.67E-04  9.19E-10  1.60E-09  5.44E-07  
Urinary Bladder Wall       3.37E-08  1.21E-10  1.08E-08  1.50E-07  1.17E-06  6.46E-07  8.54E-08  5.36E-07  1.50E-08  1.69E-08  6.58E-08  8.53E-08  1.20E-08  3.18E-07  1.40E-06  6.27E-08  1.53E-07  7.86E-08  7.86E-08  7.86E-08  7.86E-08  4.79E-08  1.27E-06  5.77E-09  1.78E-09  5.42E-05  3.24E-06  6.89E-07  
Uterus                     8.46E-08  2.11E-10  1.79E-08  4.10E-07  1.44E-06  2.17E-06  1.82E-07  1.21E-06  2.58E-08  2.76E-08  1.76E-07  1.47E-07  2.15E-08  3.63E-07  3.75E-06  1.37E-07  2.27E-07  1.02E-07  1.02E-07  1.02E-07  1.02E-07  9.99E-08  0.00E000  9.93E-09  3.08E-09  3.04E-06  2.24E-03  7.25E-07  
Total Body                 8.03E-07  7.18E-07  5.74E-07  4.63E-07  5.91E-07  7.00E-07  4.30E-07  5.56E-07  4.22E-07  7.60E-07  7.53E-07  7.60E-07  7.18E-07  6.71E-07  8.27E-07  8.27E-07  7.25E-07  7.15E-07  7.15E-07  7.15E-07  7.15E-07  7.60E-07  6.56E-07  7.21E-07  7.78E-07  3.62E-07  8.30E-07  7.03E-07  

   
   
 OLINDA - Organ Level INternal Dose Assessment Code

Dose Conversion Factors (mGy/MBq-s), Nuclide: Tl-201 (7.29E01 hr), 1-year-old

                           Adrenals  Brain     Breasts   GB Cont   LLI Cont  SI Cont   StomCont  ULI Cont  HeartCon  Hrt Wall  Kidneys   Liver     Lungs     Muscle    Ovaries   Pancreas  Red Mar.  CortBoneS TrabBoneS CortBoneV TrabBoneV Spleen    Testes    Thymus    Thyroid   UB Cont   Uterus    TotBody
Adrenals                   1.71E-03  7.78E-09  2.68E-07  1.14E-06  1.79E-07  4.55E-07  8.52E-07  4.58E-07  7.73E-07  7.85E-07  3.16E-06  1.23E-06  1.02E-06  4.28E-07  1.73E-07  3.06E-06  5.14E-07  4.94E-07  4.94E-07  4.94E-07  4.94E-07  1.93E-06  3.65E-08  1.80E-07  9.19E-08  9.49E-08  2.34E-07  5.25E-07  
Brain                      7.69E-09  9.15E-06  1.31E-08  4.19E-09  8.56E-10  1.65E-09  5.14E-09  1.66E-09  2.03E-08  1.81E-08  4.61E-09  7.78E-09  3.07E-08  1.17E-07  1.27E-09  7.50E-09  3.78E-07  2.90E-07  2.90E-07  2.90E-07  2.90E-07  8.29E-09  3.11E-10  5.07E-08  1.92E-07  6.26E-10  9.27E-10  1.19E-06  
Breasts                    4.22E-08  2.08E-09  5.22E-04  3.61E-08  6.38E-09  1.20E-08  5.60E-08  1.38E-08  2.03E-07  2.30E-07  1.69E-08  5.80E-08  1.25E-07  3.19E-08  8.33E-09  6.36E-08  2.04E-08  2.36E-08  2.36E-08  2.36E-08  2.36E-08  3.85E-08  0.00E000  1.33E-07  4.15E-08  5.14E-09  8.36E-09  8.42E-07  
Gallbladder Wall           1.40E-06  3.70E-09  2.61E-07  6.47E-04  4.38E-07  2.00E-06  2.63E-06  3.38E-06  5.73E-07  9.07E-07  1.29E-06  3.65E-06  3.44E-07  4.34E-07  7.79E-07  4.68E-06  2.15E-07  2.07E-07  2.07E-07  2.07E-07  2.07E-07  8.16E-07  1.07E-07  1.45E-07  5.56E-08  2.73E-07  8.15E-07  1.16E-06  
LLI Wall                   1.48E-07  8.68E-10  4.76E-08  5.34E-07  1.70E-04  2.37E-06  5.18E-07  1.11E-06  5.96E-08  7.29E-08  3.10E-07  2.02E-07  5.77E-08  5.96E-07  4.56E-06  3.12E-07  4.42E-07  3.47E-07  3.47E-07  3.47E-07  3.47E-07  3.36E-07  1.11E-06  2.29E-08  1.11E-08  2.05E-06  2.29E-06  1.37E-06  
Small Intestine            4.55E-07  1.67E-09  7.61E-08  2.17E-06  2.74E-06  5.89E-05  9.92E-07  4.62E-06  1.66E-07  1.82E-07  8.55E-07  7.53E-07  1.39E-07  4.66E-07  3.67E-06  8.20E-07  3.28E-07  2.47E-07  2.47E-07  2.47E-07  2.47E-07  5.85E-07  2.57E-07  4.47E-08  1.69E-08  1.08E-06  3.59E-06  1.35E-06  
Stomach Wall               8.74E-07  4.63E-09  3.30E-07  2.49E-06  6.90E-07  1.04E-06  9.14E-05  1.32E-06  7.94E-07  1.14E-06  7.12E-07  1.07E-06  5.34E-07  4.66E-07  3.99E-07  3.87E-06  1.92E-07  1.93E-07  1.93E-07  1.93E-07  1.93E-07  2.09E-06  6.21E-08  2.03E-07  7.31E-08  2.09E-07  4.29E-07  1.32E-06  
ULI Wall                   4.45E-07  1.89E-09  8.10E-08  3.41E-06  1.52E-06  4.89E-06  1.27E-06  1.11E-04  1.64E-07  2.03E-07  7.73E-07  1.19E-06  1.82E-07  4.31E-07  3.14E-06  8.93E-07  2.98E-07  2.29E-07  2.29E-07  2.29E-07  2.29E-07  5.50E-07  2.49E-07  5.67E-08  2.25E-08  9.19E-07  2.02E-06  1.33E-06  
Heart Wall                 8.89E-07  2.07E-08  1.65E-06  7.38E-07  8.76E-08  2.06E-07  1.24E-06  2.32E-07  4.86E-05  1.50E-04  3.37E-07  1.13E-06  1.70E-06  4.11E-07  9.21E-08  1.36E-06  2.27E-07  2.50E-07  2.50E-07  2.50E-07  2.50E-07  7.42E-07  1.65E-08  1.98E-06  4.33E-07  5.04E-08  9.43E-08  1.33E-06  
Kidneys                    2.95E-06  4.35E-09  9.98E-08  9.88E-07  3.32E-07  7.96E-07  6.52E-07  6.62E-07  2.81E-07  2.77E-07  9.42E-05  8.66E-07  3.36E-07  3.47E-07  4.11E-07  1.51E-06  3.34E-07  3.07E-07  3.07E-07  3.07E-07  3.07E-07  2.17E-06  5.13E-08  7.03E-08  4.06E-08  1.43E-07  3.28E-07  1.23E-06  
Liver                      1.48E-06  9.48E-09  4.44E-07  3.51E-06  2.44E-07  9.06E-07  1.25E-06  1.36E-06  1.11E-06  1.20E-06  1.12E-06  3.27E-05  9.10E-07  3.80E-07  3.97E-07  2.08E-06  2.49E-07  2.58E-07  2.58E-07  2.58E-07  2.58E-07  5.38E-07  5.55E-08  2.66E-07  1.03E-07  1.82E-07  3.88E-07  1.37E-06  
Lungs                      1.20E-06  3.63E-08  9.42E-07  4.76E-07  7.22E-08  1.64E-07  6.17E-07  1.86E-07  1.98E-06  1.76E-06  4.26E-07  8.85E-07  5.18E-05  4.45E-07  8.01E-08  9.85E-07  3.21E-07  3.67E-07  3.67E-07  3.67E-07  3.67E-07  8.80E-07  1.61E-08  1.01E-06  5.85E-07  3.63E-08  7.33E-08  1.29E-06  
Muscle                     4.28E-07  1.18E-07  2.03E-07  4.66E-07  4.94E-07  4.66E-07  3.91E-07  4.38E-07  3.63E-07  3.63E-07  3.73E-07  3.16E-07  3.71E-07  6.17E-06  5.76E-07  4.93E-07  2.78E-07  2.80E-07  2.80E-07  2.80E-07  2.80E-07  4.18E-07  4.14E-07  4.11E-07  6.22E-07  5.07E-07  6.14E-07  1.18E-06  
Ovaries                    1.94E-07  1.45E-09  5.95E-08  8.32E-07  5.76E-06  4.12E-06  4.27E-07  3.28E-06  8.27E-08  9.13E-08  4.96E-07  3.70E-07  7.73E-08  6.46E-07  9.82E-03  3.83E-07  4.50E-07  3.21E-07  3.21E-07  3.21E-07  3.21E-07  3.00E-07  0.00E000  2.58E-08  1.44E-08  2.36E-06  7.35E-06  1.43E-06  
Pancreas                   2.48E-06  6.15E-09  3.27E-07  3.02E-06  3.25E-07  6.64E-07  2.97E-06  7.79E-07  8.30E-07  9.72E-07  1.31E-06  1.40E-06  6.75E-07  3.99E-07  2.76E-07  4.41E-04  2.22E-07  2.23E-07  2.23E-07  2.23E-07  2.23E-07  3.42E-06  4.18E-08  1.79E-07  7.32E-08  1.27E-07  2.33E-07  1.25E-06  
Red Marrow                 5.49E-07  4.86E-07  1.48E-07  2.09E-07  4.19E-07  3.36E-07  1.80E-07  2.84E-07  2.21E-07  2.21E-07  3.83E-07  2.15E-07  2.96E-07  2.78E-07  4.17E-07  2.84E-07  3.43E-05  7.08E-07  4.99E-06  7.08E-07  4.99E-06  2.57E-07  1.25E-07  1.95E-07  2.01E-07  1.92E-07  2.82E-07  1.19E-06  
Osteogenic Cells           2.05E-06  1.18E-06  6.14E-07  7.85E-07  1.21E-06  9.93E-07  7.33E-07  8.78E-07  9.73E-07  9.73E-07  1.38E-06  8.90E-07  1.28E-06  1.09E-06  1.16E-06  1.15E-06  1.85E-05  6.42E-06  1.52E-05  6.42E-06  1.52E-05  1.06E-06  6.70E-07  8.20E-07  7.77E-07  6.88E-07  8.66E-07  2.14E-06  
Skin                       1.46E-07  1.66E-07  3.62E-07  1.41E-07  1.63E-07  1.39E-07  1.54E-07  1.46E-07  1.50E-07  1.58E-07  1.62E-07  1.60E-07  1.64E-07  2.15E-07  1.45E-07  1.35E-07  1.97E-07  2.05E-07  2.05E-07  2.05E-07  2.05E-07  1.60E-07  3.90E-07  1.70E-07  1.57E-07  1.80E-07  1.41E-07  1.02E-06  
Spleen                     1.94E-06  8.46E-09  2.47E-07  9.06E-07  3.90E-07  5.90E-07  2.03E-06  5.43E-07  5.29E-07  6.61E-07  2.35E-06  4.51E-07  7.58E-07  4.21E-07  2.70E-07  4.25E-06  2.49E-07  2.69E-07  2.69E-07  2.69E-07  2.69E-07  2.57E-04  4.89E-08  1.55E-07  8.13E-08  1.03E-07  2.29E-07  1.28E-06  
Testes                     ?  ?  ?  ?  ?  ?  ?  ?  ?  ?  ?  ?  ?  ?  ?  ?  ?  ?  ?  ?  ?  ?  ?  ?  ?  ?  ?  ?  
Thymus                     1.98E-07  5.63E-08  9.26E-07  1.29E-07  3.58E-08  4.91E-08  2.14E-07  6.60E-08  2.08E-06  1.92E-06  8.28E-08  2.42E-07  9.31E-07  4.51E-07  2.52E-08  2.42E-07  1.95E-07  2.11E-07  2.11E-07  2.11E-07  2.11E-07  1.68E-07  9.74E-09  3.20E-04  2.54E-06  1.43E-08  2.57E-08  1.27E-06  
Thyroid                    6.76E-08  1.43E-07  1.94E-07  3.90E-08  9.36E-09  1.25E-08  4.65E-08  2.10E-08  3.23E-07  2.81E-07  3.21E-08  6.31E-08  3.65E-07  4.58E-07  9.46E-09  6.65E-08  1.36E-07  1.42E-07  1.42E-07  1.42E-07  1.42E-07  5.93E-08  2.93E-09  1.70E-06  2.13E-03  5.10E-09  9.38E-09  1.17E-06  
Urinary Bladder Wall       9.74E-08  6.30E-10  3.53E-08  3.18E-07  2.02E-06  1.25E-06  2.05E-07  9.10E-07  4.53E-08  5.34E-08  1.68E-07  1.54E-07  3.98E-08  6.60E-07  2.11E-06  2.01E-07  1.82E-07  1.91E-07  1.91E-07  1.91E-07  1.91E-07  8.82E-08  2.29E-06  1.91E-08  8.13E-09  1.02E-04  5.09E-06  1.38E-06  
Uterus                     2.34E-07  9.38E-10  5.32E-08  8.19E-07  2.53E-06  3.59E-06  3.99E-07  2.02E-06  7.76E-08  8.32E-08  3.52E-07  3.22E-07  6.35E-08  6.14E-07  6.55E-06  2.88E-07  2.86E-07  2.13E-07  2.13E-07  2.13E-07  2.13E-07  2.27E-07  0.00E000  2.34E-08  1.27E-08  4.95E-06  4.12E-03  1.37E-06  
Total Body                 1.50E-06  1.33E-06  1.12E-06  7.60E-07  1.09E-06  1.31E-06  7.32E-07  1.03E-06  7.47E-07  1.43E-06  1.42E-06  1.43E-06  1.37E-06  1.29E-06  1.55E-06  1.54E-06  1.33E-06  1.35E-06  1.35E-06  1.35E-06  1.35E-06  1.43E-06  1.27E-06  1.36E-06  1.47E-06  6.36E-07  1.55E-06  1.33E-06  

   
   
 OLINDA - Organ Level INternal Dose Assessment Code

Dose Conversion Factors (mGy/MBq-s), Nuclide: Tl-201 (7.29E01 hr), Newborn

                           Adrenals  Brain     Breasts   GB Cont   LLI Cont  SI Cont   StomCont  ULI Cont  HeartCon  Hrt Wall  Kidneys   Liver     Lungs     Muscle    Ovaries   Pancreas  Red Mar.  CortBoneS TrabBoneS CortBoneV TrabBoneV Spleen    Testes    Thymus    Thyroid   UB Cont   Uterus    TotBody
Adrenals                   1.04E-03  2.74E-08  4.85E-07  2.63E-06  4.32E-07  9.95E-07  1.69E-06  9.67E-07  1.48E-06  1.47E-06  6.03E-06  2.45E-06  2.19E-06  8.31E-07  5.27E-07  5.76E-06  8.61E-07  9.85E-07  9.85E-07  9.85E-07  9.85E-07  4.28E-06  1.12E-07  4.01E-07  2.45E-07  2.39E-07  4.20E-07  1.01E-06  
Brain                      2.72E-08  2.13E-05  4.05E-08  1.76E-08  5.87E-09  6.56E-09  1.93E-08  9.17E-09  6.55E-08  6.07E-08  1.75E-08  2.48E-08  8.55E-08  2.74E-07  4.78E-09  2.65E-08  8.40E-07  5.88E-07  5.88E-07  5.88E-07  5.88E-07  3.34E-08  2.77E-09  1.47E-07  4.44E-07  3.86E-09  4.19E-09  2.68E-06  
Breasts                    2.69E-08  2.26E-09  7.43E-04  3.25E-08  6.24E-09  1.12E-08  4.52E-08  1.23E-08  1.34E-07  1.68E-07  1.67E-08  4.49E-08  8.06E-08  2.54E-08  8.87E-09  4.99E-08  1.60E-08  2.03E-08  2.03E-08  2.03E-08  2.03E-08  3.05E-08  0.00E000  9.85E-08  2.72E-08  4.15E-09  9.33E-09  1.95E-06  
Gallbladder Wall           2.59E-06  1.89E-08  5.55E-07  1.44E-03  1.26E-06  3.59E-06  6.00E-06  5.37E-06  1.38E-06  1.54E-06  2.07E-06  5.50E-06  9.66E-07  9.69E-07  1.51E-06  1.35E-05  4.13E-07  4.90E-07  4.90E-07  4.90E-07  4.90E-07  2.17E-06  2.61E-07  3.81E-07  1.74E-07  7.60E-07  1.51E-06  3.02E-06  
LLI Wall                   3.59E-07  4.42E-09  1.17E-07  1.05E-06  4.36E-04  4.50E-06  1.16E-06  2.31E-06  1.60E-07  1.85E-07  6.60E-07  4.37E-07  1.41E-07  1.05E-06  8.30E-06  7.24E-07  6.28E-07  6.89E-07  6.89E-07  6.89E-07  6.89E-07  6.58E-07  2.35E-06  6.26E-08  4.32E-08  4.07E-06  4.38E-06  2.94E-06  
Small Intestine            9.95E-07  6.60E-09  2.03E-07  3.65E-06  5.11E-06  1.50E-04  1.97E-06  8.44E-06  3.68E-07  4.17E-07  1.74E-06  1.59E-06  3.42E-07  9.69E-07  7.08E-06  1.73E-06  5.35E-07  5.81E-07  5.81E-07  5.81E-07  5.81E-07  1.20E-06  6.09E-07  1.28E-07  5.46E-08  2.23E-06  6.51E-06  3.01E-06  
Stomach Wall               1.63E-06  2.01E-08  8.35E-07  6.00E-06  1.55E-06  2.09E-06  2.98E-04  2.64E-06  1.48E-06  2.19E-06  1.37E-06  2.17E-06  1.07E-06  8.98E-07  9.14E-07  7.50E-06  3.77E-07  4.54E-07  4.54E-07  4.54E-07  4.54E-07  3.55E-06  2.09E-07  4.19E-07  1.97E-07  5.04E-07  9.59E-07  2.89E-06  
ULI Wall                   1.02E-06  9.08E-09  2.33E-07  5.66E-06  2.84E-06  9.21E-06  2.45E-06  2.77E-04  4.35E-07  4.63E-07  1.39E-06  2.31E-06  3.71E-07  9.16E-07  5.95E-06  1.90E-06  4.80E-07  5.21E-07  5.21E-07  5.21E-07  5.21E-07  1.10E-06  6.25E-07  1.43E-07  7.60E-08  1.83E-06  3.85E-06  2.97E-06  
Heart Wall                 1.92E-06  7.98E-08  3.95E-06  2.04E-06  3.04E-07  5.45E-07  2.73E-06  6.53E-07  9.54E-05  3.62E-04  8.25E-07  2.38E-06  3.66E-06  9.85E-07  2.65E-07  2.94E-06  5.67E-07  7.07E-07  7.07E-07  7.07E-07  7.07E-07  1.53E-06  4.22E-08  4.16E-06  1.15E-06  1.55E-07  2.57E-07  3.16E-06  
Kidneys                    5.54E-06  1.62E-08  2.77E-07  1.93E-06  6.64E-07  1.59E-06  1.28E-06  1.31E-06  5.78E-07  5.80E-07  2.44E-04  1.68E-06  7.45E-07  7.24E-07  9.34E-07  2.76E-06  5.75E-07  7.26E-07  7.26E-07  7.26E-07  7.26E-07  4.08E-06  1.21E-07  1.86E-07  1.08E-07  3.41E-07  7.57E-07  2.78E-06  
Liver                      3.30E-06  3.36E-08  1.09E-06  7.31E-06  6.59E-07  2.13E-06  2.92E-06  3.19E-06  2.26E-06  2.45E-06  2.46E-06  8.73E-05  1.91E-06  8.94E-07  1.03E-06  4.11E-06  5.72E-07  7.00E-07  7.00E-07  7.00E-07  7.00E-07  1.25E-06  1.81E-07  6.12E-07  2.97E-07  5.42E-07  9.52E-07  3.19E-06  
Lungs                      2.67E-06  1.04E-07  1.80E-06  1.19E-06  2.05E-07  4.13E-07  1.23E-06  4.76E-07  3.64E-06  3.40E-06  9.76E-07  1.76E-06  1.55E-04  9.34E-07  2.40E-07  2.03E-06  6.86E-07  8.56E-07  8.56E-07  8.56E-07  8.56E-07  1.84E-06  5.02E-08  1.78E-06  1.15E-06  1.16E-07  2.14E-07  2.92E-06  
Muscle                     8.31E-07  2.76E-07  4.58E-07  9.45E-07  1.01E-06  9.69E-07  8.49E-07  9.02E-07  7.38E-07  7.54E-07  7.88E-07  6.65E-07  7.75E-07  8.45E-06  1.18E-06  1.03E-06  5.74E-07  6.34E-07  6.34E-07  6.34E-07  6.34E-07  8.72E-07  8.40E-07  8.29E-07  1.20E-06  1.01E-06  1.17E-06  2.70E-06  
Ovaries                    6.32E-07  5.77E-09  1.92E-07  1.99E-06  1.15E-05  8.48E-06  1.09E-06  6.34E-06  2.19E-07  2.43E-07  1.22E-06  9.22E-07  2.35E-07  1.41E-06  2.34E-02  1.00E-06  7.60E-07  7.77E-07  7.77E-07  7.77E-07  7.77E-07  8.59E-07  0.00E000  8.73E-08  6.11E-08  4.69E-06  1.35E-05  3.23E-06  
Pancreas                   3.48E-06  1.61E-08  5.43E-07  8.11E-06  5.21E-07  1.05E-06  4.28E-06  1.11E-06  1.19E-06  1.36E-06  1.81E-06  1.85E-06  9.95E-07  6.19E-07  5.04E-07  1.02E-03  3.26E-07  3.92E-07  3.92E-07  3.92E-07  3.92E-07  4.72E-06  1.15E-07  3.12E-07  1.13E-07  2.11E-07  4.75E-07  2.58E-06  
Red Marrow                 8.96E-07  1.04E-06  2.96E-07  4.07E-07  6.45E-07  5.35E-07  3.65E-07  4.60E-07  4.54E-07  4.54E-07  6.42E-07  4.25E-07  5.94E-07  5.74E-07  6.30E-07  5.43E-07  1.15E-04  1.48E-06  1.62E-05  1.48E-06  1.62E-05  5.31E-07  2.71E-07  3.87E-07  4.29E-07  3.18E-07  4.66E-07  3.20E-06  
Osteogenic Cells           3.92E-06  2.36E-06  1.41E-06  1.95E-06  2.64E-06  2.26E-06  1.77E-06  1.94E-06  2.18E-06  2.18E-06  3.10E-06  2.02E-06  2.78E-06  2.55E-06  2.57E-06  2.58E-06  5.79E-05  1.80E-05  4.68E-05  1.80E-05  4.68E-05  2.48E-06  1.58E-06  1.81E-06  1.69E-06  1.54E-06  2.02E-06  5.42E-06  
Skin                       3.49E-07  3.71E-07  7.70E-07  3.16E-07  3.79E-07  3.32E-07  3.55E-07  3.46E-07  3.61E-07  3.63E-07  3.89E-07  3.71E-07  3.75E-07  4.79E-07  3.36E-07  3.28E-07  4.64E-07  4.52E-07  4.52E-07  4.52E-07  4.52E-07  3.69E-07  8.34E-07  4.12E-07  3.59E-07  3.99E-07  3.38E-07  2.40E-06  
Spleen                     4.65E-06  3.66E-08  5.99E-07  2.44E-06  8.85E-07  1.30E-06  3.92E-06  1.17E-06  1.10E-06  1.27E-06  4.83E-06  1.01E-06  1.68E-06  9.48E-07  7.79E-07  8.50E-06  5.60E-07  6.94E-07  6.94E-07  6.94E-07  6.94E-07  7.76E-04  1.38E-07  3.45E-07  2.36E-07  3.09E-07  6.51E-07  2.95E-06  
Testes                     ?  ?  ?  ?  ?  ?  ?  ?  ?  ?  ?  ?  ?  ?  ?  ?  ?  ?  ?  ?  ?  ?  ?  ?  ?  ?  ?  ?  
Thymus                     3.86E-07  1.42E-07  1.71E-06  3.64E-07  5.92E-08  1.23E-07  3.94E-07  1.29E-07  3.26E-06  3.06E-06  1.95E-07  4.38E-07  1.45E-06  7.98E-07  7.01E-08  4.98E-07  3.59E-07  4.37E-07  4.37E-07  4.37E-07  4.37E-07  3.06E-07  3.46E-08  5.24E-04  4.78E-06  3.69E-08  5.38E-08  2.74E-06  
Thyroid                    1.73E-07  3.16E-07  3.47E-07  1.35E-07  3.51E-08  3.86E-08  1.09E-07  6.70E-08  7.48E-07  6.23E-07  8.27E-08  1.56E-07  6.73E-07  8.48E-07  3.60E-08  1.32E-07  2.85E-07  3.09E-07  3.09E-07  3.09E-07  3.09E-07  1.53E-07  1.38E-08  3.51E-06  2.76E-03  2.51E-08  3.50E-08  2.62E-06  
Urinary Bladder Wall       2.07E-07  3.66E-09  1.17E-07  8.29E-07  3.61E-06  2.23E-06  4.65E-07  1.83E-06  1.07E-07  1.03E-07  3.73E-07  4.25E-07  9.89E-08  1.06E-06  4.15E-06  4.10E-07  3.34E-07  3.97E-07  3.97E-07  3.97E-07  3.97E-07  3.38E-07  4.40E-06  5.27E-08  3.55E-08  2.59E-04  8.97E-06  2.86E-06  
Uterus                     4.20E-07  4.22E-09  1.68E-07  1.77E-06  4.84E-06  6.51E-06  9.30E-07  3.81E-06  1.83E-07  1.97E-07  8.24E-07  7.08E-07  1.80E-07  1.17E-06  1.12E-05  7.86E-07  4.78E-07  5.12E-07  5.12E-07  5.12E-07  5.12E-07  5.98E-07  0.00E000  5.59E-08  4.95E-08  8.58E-06  1.58E-03  3.02E-06  
Total Body                 3.13E-06  2.86E-06  2.53E-06  1.48E-06  2.26E-06  2.74E-06  1.62E-06  2.08E-06  1.43E-06  3.08E-06  3.07E-06  3.08E-06  2.94E-06  2.89E-06  3.25E-06  3.26E-06  2.84E-06  2.90E-06  2.90E-06  2.90E-06  2.90E-06  3.08E-06  2.80E-06  2.95E-06  3.12E-06  1.23E-06  3.25E-06  2.89E-06  

   
