 OLINDA - Organ Level INternal Dose Assessment Code

Dose Conversion Factors (mGy/MBq-s), Nuclide: Co-60 (5.27E00 yr), Adult Female

                           Adrenals  Brain     Breasts   GB Cont   LLI Cont  SI Cont   StomCont  ULI Cont  HeartCon  Hrt Wall  Kidneys   Liver     Lungs     Muscle    Ovaries   Pancreas  Red Mar.  CortBoneS TrabBoneS CortBoneV TrabBoneV Spleen    Thymus    Thyroid   UB Cont   Uterus    TotBody
Adrenals                   1.74E-03  6.10E-08  1.36E-06  5.47E-06  7.50E-07  1.93E-06  5.13E-06  2.23E-06  4.41E-06  5.01E-06  1.55E-05  8.32E-06  4.75E-06  2.47E-06  8.51E-07  1.85E-05  5.03E-06  2.54E-06  2.54E-06  2.54E-06  2.54E-06  9.86E-06  1.12E-06  3.64E-07  4.19E-07  7.67E-07  2.76E-06  
Brain                      5.83E-08  5.59E-05  1.85E-07  4.23E-08  1.12E-08  1.80E-08  5.64E-08  2.05E-08  1.63E-07  1.48E-07  4.01E-08  8.50E-08  2.87E-07  4.45E-07  1.24E-08  5.81E-08  2.20E-06  2.67E-06  2.67E-06  2.67E-06  2.67E-06  8.18E-08  3.41E-07  1.46E-06  6.13E-09  1.07E-08  2.10E-06  
Breasts                    1.73E-06  2.47E-07  1.66E-04  1.23E-06  2.60E-07  5.09E-07  2.15E-06  5.59E-07  7.27E-06  7.78E-06  8.82E-07  2.36E-06  5.91E-06  1.47E-06  2.72E-07  2.04E-06  1.68E-06  1.14E-06  1.14E-06  1.14E-06  1.14E-06  1.50E-06  7.86E-06  1.37E-06  1.85E-07  2.73E-07  2.53E-06  
Gallbladder Wall           5.69E-06  4.49E-08  1.07E-06  3.79E-04  1.55E-06  7.10E-06  5.67E-06  1.39E-05  2.26E-06  2.52E-06  6.56E-06  1.59E-05  1.54E-06  2.32E-06  2.30E-06  1.48E-05  1.94E-06  9.74E-07  9.74E-07  9.74E-07  9.74E-07  2.84E-06  8.49E-07  2.30E-07  1.10E-06  2.21E-06  2.95E-06  
LLI Wall                   5.94E-07  1.02E-08  1.85E-07  1.38E-06  1.33E-04  1.10E-05  2.08E-06  4.59E-06  2.81E-07  3.35E-07  1.27E-06  5.72E-07  2.25E-07  2.38E-06  2.35E-05  1.18E-06  4.23E-06  1.61E-06  1.61E-06  1.61E-06  1.61E-06  1.10E-06  1.48E-07  4.95E-08  9.95E-06  8.77E-06  3.16E-06  
Small Intestine            1.93E-06  1.88E-08  3.99E-07  8.27E-06  1.33E-05  5.22E-05  3.93E-06  2.35E-05  6.35E-07  7.10E-07  4.31E-06  2.55E-06  5.65E-07  2.33E-06  1.71E-05  2.98E-06  3.52E-06  1.24E-06  1.24E-06  1.24E-06  1.24E-06  2.34E-06  2.87E-07  7.13E-08  4.23E-06  1.48E-05  2.89E-06  
Stomach Wall               4.58E-06  6.18E-08  1.59E-06  5.95E-06  2.72E-06  4.16E-06  1.11E-04  5.63E-06  3.67E-06  5.45E-06  4.45E-06  3.44E-06  2.62E-06  2.30E-06  1.61E-06  2.21E-05  1.68E-06  9.81E-07  9.81E-07  9.81E-07  9.81E-07  1.28E-05  1.15E-06  3.05E-07  6.28E-07  1.45E-06  2.99E-06  
ULI Wall                   2.19E-06  2.19E-08  4.40E-07  1.44E-05  6.51E-06  2.65E-05  5.35E-06  1.00E-04  7.72E-07  8.43E-07  3.96E-06  3.78E-06  6.28E-07  2.11E-06  1.66E-05  3.36E-06  2.78E-06  1.08E-06  1.08E-06  1.08E-06  1.08E-06  2.28E-06  3.18E-07  1.12E-07  3.21E-06  7.70E-06  3.18E-06  
Heart Wall                 5.15E-06  1.59E-07  6.27E-06  2.57E-06  3.69E-07  7.30E-07  5.03E-06  9.39E-07  7.58E-05  1.55E-04  1.87E-06  4.99E-06  8.84E-06  2.06E-06  3.84E-07  6.10E-06  2.03E-06  1.27E-06  1.27E-06  1.27E-06  1.27E-06  3.40E-06  1.27E-05  1.24E-06  1.72E-07  3.16E-07  3.07E-06  
Kidneys                    1.54E-05  4.18E-08  6.89E-07  6.71E-06  1.59E-06  4.30E-06  4.77E-06  4.05E-06  1.72E-06  1.81E-06  1.50E-04  5.52E-06  1.73E-06  2.15E-06  1.85E-06  9.19E-06  3.60E-06  1.54E-06  1.54E-06  1.54E-06  1.54E-06  1.28E-05  6.10E-07  2.00E-07  7.54E-07  1.57E-06  2.88E-06  
Liver                      8.65E-06  9.25E-08  1.93E-06  1.62E-05  7.22E-07  2.65E-06  3.57E-06  4.00E-06  4.69E-06  5.05E-06  5.76E-06  5.09E-05  4.36E-06  1.78E-06  1.15E-06  7.47E-06  1.91E-06  1.21E-06  1.21E-06  1.21E-06  1.21E-06  1.96E-06  1.54E-06  3.99E-07  5.35E-07  1.16E-06  3.01E-06  
Lungs                      5.70E-06  3.61E-07  5.56E-06  1.87E-06  3.34E-07  6.78E-07  2.95E-06  8.59E-07  1.08E-05  1.03E-05  2.08E-06  5.03E-06  5.48E-05  2.48E-06  3.45E-07  4.50E-06  2.75E-06  1.83E-06  1.83E-06  1.83E-06  1.83E-06  4.20E-06  6.60E-06  2.34E-06  2.12E-07  3.03E-07  3.06E-06  
Muscle                     2.47E-06  4.65E-07  1.15E-06  2.35E-06  2.52E-06  2.33E-06  2.15E-06  2.22E-06  1.91E-06  2.00E-06  2.16E-06  1.71E-06  2.06E-06  3.20E-06  2.86E-06  2.61E-06  2.06E-06  1.73E-06  1.73E-06  1.73E-06  1.73E-06  2.27E-06  2.31E-06  2.06E-06  2.65E-06  2.86E-06  2.46E-06  
Ovaries                    9.72E-07  1.48E-08  2.44E-07  3.03E-06  2.98E-05  1.96E-05  1.66E-06  1.71E-05  3.50E-07  4.26E-07  2.12E-06  1.26E-06  3.29E-07  3.27E-06  2.61E-03  1.44E-06  4.76E-06  1.57E-06  1.57E-06  1.57E-06  1.57E-06  1.20E-06  1.99E-07  4.33E-08  1.08E-05  3.23E-05  3.61E-06  
Pancreas                   1.55E-05  5.11E-08  1.35E-06  1.06E-05  1.03E-06  2.50E-06  1.79E-05  2.90E-06  4.18E-06  4.99E-06  7.75E-06  6.03E-06  3.15E-06  2.20E-06  1.06E-06  3.29E-04  2.20E-06  1.15E-06  1.15E-06  1.15E-06  1.15E-06  2.06E-05  1.07E-06  2.99E-07  4.24E-07  8.58E-07  2.78E-06  
Red Marrow                 5.03E-06  2.30E-06  1.31E-06  2.01E-06  4.23E-06  3.52E-06  1.64E-06  2.90E-06  2.04E-06  1.98E-06  3.61E-06  1.84E-06  2.29E-06  2.06E-06  4.17E-06  2.62E-06  1.64E-05  4.47E-06  7.38E-06  4.47E-06  5.48E-06  1.98E-06  1.73E-06  1.79E-06  1.78E-06  2.78E-06  2.61E-06  
Osteogenic Cells           3.01E-06  3.36E-06  1.06E-06  1.14E-06  1.80E-06  1.49E-06  1.14E-06  1.28E-06  1.51E-06  1.48E-06  1.84E-06  1.42E-06  1.85E-06  2.10E-06  1.66E-06  1.64E-06  1.00E-05  1.90E-05  2.37E-05  7.92E-06  1.29E-05  1.44E-06  1.39E-06  2.13E-06  1.05E-06  1.24E-06  3.79E-06  
Skin                       9.37E-07  1.07E-06  1.86E-06  8.46E-07  9.83E-07  8.83E-07  9.47E-07  8.83E-07  9.65E-07  9.99E-07  1.07E-06  1.03E-06  1.00E-06  1.46E-06  8.67E-07  8.67E-07  1.23E-06  1.35E-06  1.35E-06  1.35E-06  1.35E-06  9.87E-07  1.25E-06  2.07E-06  1.04E-06  8.71E-07  1.86E-06  
Spleen                     1.03E-05  8.97E-08  1.23E-06  3.22E-06  1.41E-06  2.46E-06  1.24E-05  2.33E-06  2.49E-06  3.47E-06  1.35E-05  1.97E-06  3.66E-06  2.38E-06  1.10E-06  2.58E-05  2.07E-06  1.26E-06  1.26E-06  1.26E-06  1.26E-06  3.03E-04  9.41E-07  3.66E-07  5.75E-07  1.02E-06  3.03E-06  
Thymus                     2.07E-06  6.58E-07  1.14E-05  1.67E-06  3.17E-07  5.30E-07  2.13E-06  5.33E-07  2.67E-05  2.28E-05  1.13E-06  2.74E-06  1.01E-05  4.26E-06  3.23E-07  2.35E-06  3.20E-06  2.15E-06  2.15E-06  2.15E-06  2.15E-06  1.66E-06  3.15E-03  7.47E-06  1.94E-07  3.07E-07  4.81E-06  
Thyroid                    2.21E-07  9.26E-07  6.52E-07  1.33E-07  3.49E-08  4.32E-08  1.54E-07  6.81E-08  8.14E-07  7.33E-07  1.21E-07  2.33E-07  1.18E-06  1.25E-06  2.30E-08  2.16E-07  1.09E-06  1.09E-06  1.09E-06  1.09E-06  1.09E-06  2.12E-07  2.45E-06  8.59E-04  2.13E-08  3.43E-08  1.59E-06  
Urinary Bladder Wall       4.18E-07  5.71E-09  1.51E-07  1.15E-06  8.16E-06  4.04E-06  7.53E-07  3.64E-06  2.16E-07  2.26E-07  7.53E-07  5.64E-07  1.64E-07  2.47E-06  9.81E-06  5.70E-07  1.78E-06  8.81E-07  8.81E-07  8.81E-07  8.81E-07  5.00E-07  1.09E-07  3.54E-08  1.91E-04  2.23E-05  2.34E-06  
Uterus                     7.67E-07  1.12E-08  2.14E-07  2.47E-06  9.88E-06  1.48E-05  1.55E-06  7.38E-06  3.27E-07  3.07E-07  1.57E-06  1.11E-06  2.52E-07  2.86E-06  2.83E-05  1.02E-06  2.78E-06  1.03E-06  1.03E-06  1.03E-06  1.03E-06  9.69E-07  1.66E-07  5.66E-08  2.15E-05  4.61E-04  3.17E-06  
Total Body                 3.54E-06  2.31E-06  2.28E-06  2.95E-06  3.08E-06  3.14E-06  2.64E-06  2.98E-06  2.54E-06  3.02E-06  3.29E-06  3.27E-06  2.91E-06  2.48E-06  3.61E-06  3.70E-06  3.06E-06  2.77E-06  2.77E-06  2.77E-06  2.77E-06  3.34E-06  3.00E-06  2.71E-06  2.68E-06  3.67E-06  2.77E-06  

   
 OLINDA - Organ Level INternal Dose Assessment Code

Dose Conversion Factors (mGy/MBq-s), Nuclide: Co-60 (5.27E00 yr), 15-year-old

                           Adrenals  Brain     Breasts   GB Cont   LLI Cont  SI Cont   StomCont  ULI Cont  HeartCon  Hrt Wall  Kidneys   Liver     Lungs     Muscle    Ovaries   Pancreas  Red Mar.  CortBoneS TrabBoneS CortBoneV TrabBoneV Spleen    Testes    Thymus    Thyroid   UB Cont   Uterus    TotBody
Adrenals                   2.25E-03  9.26E-08  1.28E-06  5.41E-06  7.02E-07  1.92E-06  5.20E-06  2.35E-06  4.21E-06  5.20E-06  1.54E-05  8.42E-06  4.61E-06  2.47E-06  8.62E-07  1.76E-05  4.80E-06  2.52E-06  2.52E-06  2.52E-06  2.52E-06  1.00E-05  1.73E-07  1.10E-06  3.92E-07  4.01E-07  7.83E-07  2.75E-06  
Brain                      1.01E-07  5.79E-05  2.43E-07  5.48E-08  1.27E-08  2.04E-08  9.18E-08  2.33E-08  2.62E-07  2.38E-07  4.96E-08  1.12E-07  4.04E-07  6.32E-07  1.32E-08  9.18E-08  2.18E-06  2.77E-06  2.77E-06  2.77E-06  2.77E-06  1.27E-07  4.18E-09  5.03E-07  3.08E-06  8.14E-09  1.21E-08  2.36E-06  
Breasts                    2.66E-06  4.63E-07  2.94E-04  1.96E-06  4.26E-07  8.13E-07  3.37E-06  9.17E-07  1.21E-05  1.25E-05  1.38E-06  3.87E-06  9.57E-06  2.37E-06  3.97E-07  3.29E-06  2.62E-06  1.83E-06  1.83E-06  1.83E-06  1.83E-06  2.33E-06  0.00E000  1.29E-05  2.29E-06  3.01E-07  4.38E-07  3.92E-06  
Gallbladder Wall           5.61E-06  3.97E-08  1.10E-06  3.83E-04  1.53E-06  7.00E-06  5.20E-06  1.38E-05  2.27E-06  2.47E-06  6.62E-06  1.58E-05  1.54E-06  2.21E-06  2.27E-06  1.54E-05  1.94E-06  9.62E-07  9.62E-07  9.62E-07  9.62E-07  2.73E-06  3.99E-07  8.43E-07  2.29E-07  1.10E-06  2.21E-06  2.97E-06  
LLI Wall                   5.62E-07  1.01E-08  2.01E-07  1.28E-06  1.45E-04  1.06E-05  2.19E-06  4.42E-06  2.97E-07  3.51E-07  1.26E-06  5.62E-07  3.03E-07  2.38E-06  2.40E-05  1.20E-06  4.21E-06  1.64E-06  1.64E-06  1.64E-06  1.64E-06  1.10E-06  4.42E-06  1.49E-07  5.04E-08  1.00E-05  8.83E-06  2.83E-06  
Small Intestine            1.92E-06  1.88E-08  3.92E-07  8.42E-06  1.34E-05  4.87E-05  3.91E-06  2.34E-05  6.23E-07  7.02E-07  4.42E-06  2.55E-06  5.83E-07  2.35E-06  1.70E-05  2.99E-06  3.53E-06  1.24E-06  1.24E-06  1.24E-06  1.24E-06  2.34E-06  1.04E-06  2.85E-07  7.04E-08  4.21E-06  1.48E-05  3.33E-06  
Stomach Wall               4.61E-06  5.04E-08  1.54E-06  5.81E-06  2.63E-06  4.19E-06  1.18E-04  5.81E-06  3.65E-06  5.01E-06  4.61E-06  3.15E-06  2.88E-06  2.29E-06  1.62E-06  2.20E-05  1.54E-06  1.00E-06  1.00E-06  1.00E-06  1.00E-06  1.28E-05  3.08E-07  1.06E-06  3.07E-07  6.23E-07  1.44E-06  3.05E-06  
ULI Wall                   2.18E-06  2.14E-08  4.42E-07  1.42E-05  6.21E-06  2.65E-05  5.41E-06  1.08E-04  7.42E-07  9.44E-07  3.83E-06  3.77E-06  6.42E-07  2.17E-06  1.66E-05  3.33E-06  2.79E-06  1.08E-06  1.08E-06  1.08E-06  1.08E-06  2.46E-06  8.83E-07  2.65E-07  1.13E-07  3.21E-06  7.82E-06  3.19E-06  
Heart Wall                 5.85E-06  2.46E-07  6.77E-06  2.82E-06  4.04E-07  7.89E-07  5.86E-06  9.92E-07  8.30E-05  1.71E-04  2.00E-06  5.41E-06  9.91E-06  2.25E-06  4.08E-07  6.53E-06  2.12E-06  1.35E-06  1.35E-06  1.35E-06  1.35E-06  3.59E-06  1.15E-07  1.46E-05  1.33E-06  1.88E-07  3.45E-07  3.38E-06  
Kidneys                    1.60E-05  4.74E-08  6.89E-07  6.88E-06  1.71E-06  4.59E-06  4.99E-06  3.96E-06  1.75E-06  1.85E-06  1.70E-04  5.84E-06  1.81E-06  2.25E-06  1.96E-06  1.00E-05  3.71E-06  1.63E-06  1.63E-06  1.63E-06  1.63E-06  1.40E-05  2.92E-07  6.88E-07  2.36E-07  7.93E-07  1.63E-06  3.05E-06  
Liver                      9.53E-06  1.16E-07  2.11E-06  1.77E-05  7.95E-07  2.88E-06  3.68E-06  4.31E-06  5.22E-06  5.45E-06  6.36E-06  5.59E-05  4.76E-06  1.93E-06  1.30E-06  8.17E-06  2.02E-06  1.32E-06  1.32E-06  1.32E-06  1.32E-06  2.16E-06  2.12E-07  1.70E-06  4.34E-07  5.69E-07  1.27E-06  3.31E-06  
Lungs                      5.03E-06  4.06E-07  5.03E-06  1.71E-06  3.31E-07  6.36E-07  2.87E-06  8.12E-07  9.84E-06  9.63E-06  1.90E-06  4.60E-06  5.37E-05  2.23E-06  3.22E-07  4.16E-06  2.41E-06  1.66E-06  1.66E-06  1.66E-06  1.66E-06  3.90E-06  7.91E-08  5.91E-06  2.15E-06  1.93E-07  2.74E-07  2.85E-06  
Muscle                     2.47E-06  5.81E-07  1.14E-06  2.37E-06  2.53E-06  2.35E-06  2.16E-06  2.23E-06  1.90E-06  2.00E-06  2.16E-06  1.70E-06  2.04E-06  3.28E-06  2.87E-06  2.63E-06  2.08E-06  1.74E-06  1.74E-06  1.74E-06  1.74E-06  2.27E-06  2.33E-06  2.33E-06  2.59E-06  2.65E-06  2.87E-06  2.53E-06  
Ovaries                    1.38E-06  1.94E-08  3.06E-07  3.88E-06  4.36E-05  2.73E-05  2.37E-06  2.40E-05  4.94E-06  5.81E-07  3.02E-06  1.83E-06  4.72E-07  4.59E-06  4.31E-03  2.28E-06  6.73E-06  2.25E-06  2.25E-06  2.25E-06  2.25E-06  1.70E-06  0.00E000  2.80E-07  9.34E-08  1.51E-05  4.52E-05  5.09E-06  
Pancreas                   1.35E-05  6.44E-08  1.21E-06  9.48E-06  8.72E-07  2.28E-06  1.61E-05  2.68E-06  3.82E-06  4.43E-06  7.34E-06  5.50E-06  2.90E-06  2.00E-06  1.09E-06  3.64E-04  1.93E-06  1.04E-06  1.04E-06  1.04E-06  1.04E-06  1.96E-05  1.75E-07  9.78E-07  2.74E-07  3.83E-07  7.80E-07  2.64E-06  
Red Marrow                 4.80E-06  1.98E-06  1.26E-06  2.00E-06  4.21E-06  3.53E-06  1.54E-06  2.91E-06  2.03E-06  2.03E-06  3.57E-06  1.80E-06  2.22E-06  2.08E-06  4.21E-06  2.52E-06  1.78E-05  4.21E-06  5.46E-06  4.21E-06  5.46E-06  1.86E-06  9.81E-07  1.70E-06  1.58E-06  1.76E-06  2.76E-06  2.58E-06  
Osteogenic Cells           3.05E-06  3.05E-06  1.04E-06  1.16E-06  1.78E-06  1.48E-06  1.06E-06  1.30E-06  1.56E-06  1.56E-06  1.89E-06  1.40E-06  1.82E-06  2.11E-06  1.68E-06  1.62E-06  1.01E-05  7.92E-06  1.28E-05  7.92E-06  1.28E-05  1.42E-06  1.22E-06  1.40E-06  1.89E-06  1.04E-06  1.24E-06  2.93E-06  
Skin                       9.43E-07  1.10E-06  1.86E-06  8.62E-07  9.63E-07  8.83E-07  9.62E-07  8.83E-07  9.63E-07  9.83E-07  1.08E-06  1.02E-06  1.00E-06  1.42E-06  8.62E-07  8.83E-07  1.24E-06  1.34E-06  1.34E-06  1.34E-06  1.34E-06  9.83E-07  2.32E-06  1.26E-06  1.10E-06  1.04E-06  8.62E-07  1.82E-06  
Spleen                     9.32E-06  1.08E-07  1.04E-06  2.91E-06  1.29E-06  2.18E-06  1.14E-05  2.03E-06  2.16E-06  2.97E-06  1.25E-05  1.77E-06  3.32E-06  2.11E-06  9.88E-07  2.39E-05  1.73E-06  1.12E-06  1.12E-06  1.12E-06  1.12E-06  3.08E-04  1.94E-07  8.58E-07  2.98E-07  5.04E-07  8.95E-07  2.78E-06  
Testes                     ?  ?  ?  ?  ?  ?  ?  ?  ?  ?  ?  ?  ?  ?  ?  ?  ?  ?  ?  ?  ?  ?  ?  ?  ?  ?  ?  ?  
Thymus                     1.69E-06  7.08E-07  9.52E-06  1.38E-06  2.65E-07  4.37E-07  1.88E-06  4.74E-07  2.21E-05  2.00E-05  1.01E-06  2.31E-06  8.29E-06  3.56E-06  2.68E-07  1.96E-06  2.61E-06  1.78E-06  1.78E-06  1.78E-06  1.78E-06  1.41E-06  8.02E-08  1.83E-03  6.42E-06  1.60E-07  2.56E-07  4.13E-06  
Thyroid                    2.29E-07  1.65E-06  6.46E-07  1.28E-07  3.41E-08  4.12E-08  1.61E-07  6.46E-08  7.86E-07  6.92E-07  1.33E-07  2.24E-07  1.15E-06  1.51E-06  3.41E-08  2.10E-07  9.26E-07  9.14E-07  9.14E-07  9.14E-07  9.14E-07  1.88E-07  1.08E-08  2.45E-06  1.07E-03  2.13E-08  3.29E-08  1.77E-06  
Urinary Bladder Wall       4.22E-07  7.48E-09  1.51E-07  1.16E-06  8.22E-06  4.13E-06  7.63E-07  3.65E-06  2.17E-07  2.25E-07  7.63E-07  5.62E-07  1.63E-07  2.47E-06  9.81E-06  5.62E-07  1.42E-06  8.43E-07  8.43E-07  8.43E-07  8.43E-07  5.02E-07  7.42E-06  1.09E-07  3.64E-08  1.52E-04  2.23E-05  2.71E-06  
Uterus                     7.83E-07  1.11E-08  2.11E-07  2.47E-06  9.83E-06  1.48E-05  1.54E-06  7.42E-06  3.27E-07  3.07E-07  1.56E-06  1.12E-06  2.51E-07  2.87E-06  2.82E-05  1.02E-06  2.76E-06  1.04E-06  1.04E-06  1.04E-06  1.04E-06  9.63E-07  0.00E000  1.67E-07  5.63E-08  2.17E-05  4.69E-04  3.37E-06  
Total Body                 3.82E-06  2.67E-06  2.52E-06  3.28E-06  3.36E-06  3.55E-06  2.83E-06  3.32E-06  2.70E-06  3.72E-06  3.60E-06  3.62E-06  3.22E-06  3.07E-06  4.10E-06  4.10E-06  3.35E-06  3.02E-06  3.02E-06  3.02E-06  3.02E-06  3.62E-06  3.09E-06  3.45E-06  3.37E-06  2.86E-06  4.12E-06  3.07E-06  

   
   
 OLINDA - Organ Level INternal Dose Assessment Code

Dose Conversion Factors (mGy/MBq-s), Nuclide: Co-60 (5.27E00 yr), 10-year-old

                           Adrenals  Brain     Breasts   GB Cont   LLI Cont  SI Cont   StomCont  ULI Cont  HeartCon  Hrt Wall  Kidneys   Liver     Lungs     Muscle    Ovaries   Pancreas  Red Mar.  CortBoneS TrabBoneS CortBoneV TrabBoneV Spleen    Testes    Thymus    Thyroid   UB Cont   Uterus    TotBody
Adrenals                   3.13E-03  1.51E-07  2.19E-06  9.04E-06  1.36E-06  3.01E-06  7.42E-06  2.75E-06  7.02E-06  7.22E-06  2.59E-05  1.22E-05  7.21E-06  3.55E-06  1.50E-06  2.30E-05  6.21E-06  3.71E-06  3.71E-06  3.71E-06  3.71E-06  1.49E-05  3.63E-07  2.37E-06  7.22E-07  7.43E-07  1.34E-06  4.17E-06  
Brain                      1.70E-07  6.09E-05  3.48E-07  9.97E-08  2.97E-08  5.22E-08  1.49E-07  7.02E-08  4.09E-07  3.91E-07  9.52E-08  1.95E-07  6.56E-07  1.02E-06  3.11E-08  1.79E-07  2.96E-06  3.99E-06  3.99E-06  3.99E-06  3.99E-06  2.40E-07  1.23E-08  8.82E-07  3.61E-06  2.09E-08  2.95E-08  3.99E-06  
Breasts                    4.72E-07  6.68E-08  1.09E-03  4.50E-07  1.04E-07  1.51E-07  6.42E-07  1.99E-07  2.29E-06  2.73E-06  2.99E-07  7.10E-07  1.86E-06  4.37E-07  1.04E-07  6.11E-07  4.37E-07  3.33E-07  3.33E-07  3.33E-07  3.33E-07  4.11E-07  0.00E000  1.82E-06  4.59E-07  6.94E-08  9.98E-08  1.20E-06  
Gallbladder Wall           9.22E-06  7.86E-08  2.05E-06  4.66E-04  3.54E-06  1.22E-05  1.50E-05  2.18E-05  3.91E-06  4.82E-06  7.82E-06  1.96E-05  2.53E-06  2.97E-06  3.81E-06  3.91E-05  2.73E-06  1.50E-06  1.50E-06  1.50E-06  1.50E-06  6.01E-06  8.03E-07  1.38E-06  4.82E-07  1.95E-06  5.62E-06  4.51E-06  
LLI Wall                   1.24E-06  2.36E-08  4.01E-07  2.91E-06  2.37E-04  1.72E-05  3.53E-06  7.42E-06  5.43E-07  5.22E-07  2.19E-06  1.06E-06  4.42E-07  3.51E-06  3.49E-05  1.83E-06  5.41E-06  2.22E-06  2.22E-06  2.22E-06  2.22E-06  2.29E-06  7.42E-06  2.77E-07  1.17E-07  1.56E-05  1.50E-05  4.51E-06  
Small Intestine            3.01E-06  4.64E-08  7.02E-07  1.34E-05  2.06E-05  8.11E-05  6.62E-06  3.57E-05  1.10E-06  1.27E-06  6.62E-06  4.61E-06  9.63E-07  3.55E-06  2.63E-05  5.01E-06  4.61E-06  1.80E-06  1.80E-06  1.80E-06  1.80E-06  3.87E-06  1.90E-06  5.02E-07  2.33E-07  7.02E-06  2.38E-05  5.12E-06  
Stomach Wall               8.01E-06  9.26E-08  3.51E-06  1.38E-05  4.40E-06  7.82E-06  1.56E-04  9.62E-06  5.20E-06  8.22E-06  7.21E-06  5.62E-06  3.55E-06  2.67E-06  2.33E-06  3.35E-05  2.11E-06  1.64E-06  1.64E-06  1.64E-06  1.64E-06  1.86E-05  5.02E-07  1.69E-06  5.22E-07  1.24E-06  2.47E-06  4.21E-06  
ULI Wall                   3.37E-06  4.56E-08  8.43E-07  2.25E-05  9.81E-06  4.19E-05  8.01E-06  1.75E-04  1.32E-06  1.35E-06  6.21E-06  7.22E-06  1.00E-06  3.05E-06  2.53E-05  5.81E-06  3.23E-06  1.96E-06  1.96E-06  1.96E-06  1.96E-06  4.22E-06  2.03E-06  4.42E-07  2.39E-07  5.81E-06  1.22E-05  4.71E-06  
Heart Wall                 8.43E-06  4.06E-07  1.47E-05  4.91E-06  7.73E-07  1.48E-06  8.41E-06  1.64E-06  1.24E-04  2.66E-04  3.41E-06  8.66E-06  1.50E-05  3.34E-06  7.49E-07  1.10E-05  2.92E-06  2.13E-06  2.13E-06  2.13E-06  2.13E-06  6.09E-06  2.62E-07  1.71E-05  2.66E-06  4.59E-07  7.02E-07  5.19E-06  
Kidneys                    2.46E-05  8.04E-08  1.32E-06  8.96E-06  2.54E-06  6.29E-06  6.29E-06  5.72E-06  2.46E-06  2.78E-06  2.12E-04  8.00E-06  2.55E-06  2.97E-06  2.76E-06  1.22E-05  4.38E-06  2.25E-06  2.25E-06  2.25E-06  2.25E-06  1.94E-05  4.58E-07  9.92E-07  3.42E-07  1.28E-06  2.80E-06  4.32E-06  
Liver                      1.44E-05  2.04E-07  3.88E-06  2.53E-05  1.52E-06  5.44E-06  7.33E-06  8.52E-06  7.81E-06  8.75E-06  9.93E-06  8.61E-05  6.86E-06  2.93E-06  2.53E-06  1.37E-05  2.89E-06  2.01E-06  2.01E-06  2.01E-06  2.01E-06  3.90E-06  4.98E-07  2.60E-06  8.29E-07  1.30E-06  2.34E-06  5.22E-06  
Lungs                      8.99E-06  7.26E-07  1.08E-05  3.50E-06  7.26E-07  1.20E-06  4.90E-06  1.38E-06  1.67E-05  1.60E-05  3.35E-06  7.25E-06  8.63E-05  3.62E-06  7.51E-07  6.75E-06  3.70E-06  2.90E-06  2.90E-06  2.90E-06  2.90E-06  6.51E-06  2.23E-07  9.99E-06  4.05E-06  3.41E-07  5.50E-07  4.72E-06  
Muscle                     3.55E-06  9.02E-07  2.03E-06  3.45E-06  3.85E-06  3.55E-06  3.03E-06  3.29E-06  2.73E-06  2.87E-06  3.13E-06  2.49E-06  2.91E-06  5.65E-06  4.42E-06  3.79E-06  2.99E-06  2.57E-06  2.57E-06  2.57E-06  2.57E-06  3.29E-06  3.55E-06  3.33E-06  4.21E-06  3.91E-06  4.61E-06  3.89E-06  
Ovaries                    1.57E-06  2.88E-08  5.02E-07  4.81E-06  3.95E-05  2.74E-05  2.64E-06  2.15E-05  6.07E-07  6.70E-07  3.03E-06  2.24E-06  6.07E-07  4.60E-06  7.20E-03  2.43E-06  5.64E-06  2.05E-06  2.05E-06  2.05E-06  2.05E-06  2.07E-06  0.00E000  3.37E-07  1.45E-07  1.48E-05  5.01E-05  5.30E-06  
Pancreas                   1.31E-05  9.04E-08  1.61E-06  1.71E-05  1.23E-06  2.85E-06  1.78E-05  3.19E-06  4.22E-06  5.36E-06  7.30E-06  6.62E-06  3.08E-06  2.16E-06  1.32E-06  4.83E-04  1.91E-06  1.13E-06  1.13E-06  1.13E-06  1.13E-06  2.05E-05  2.74E-07  1.15E-06  3.89E-07  5.26E-07  1.03E-06  3.10E-06  
Red Marrow                 6.21E-06  2.61E-06  2.03E-06  2.71E-06  5.41E-06  4.61E-06  2.19E-06  3.73E-06  2.61E-06  2.61E-06  4.61E-06  2.45E-06  2.97E-06  2.99E-06  5.41E-06  3.33E-06  2.62E-05  6.21E-06  8.87E-06  6.21E-06  8.87E-06  2.77E-06  1.44E-06  2.12E-06  1.92E-06  2.49E-06  3.39E-06  3.87E-06  
Osteogenic Cells           4.61E-06  4.21E-06  1.85E-06  1.72E-06  2.67E-06  2.17E-06  1.67E-06  1.90E-06  2.25E-06  2.25E-06  2.83E-06  2.03E-06  2.79E-06  3.07E-06  2.39E-06  2.39E-06  1.54E-05  1.15E-05  1.94E-05  1.15E-05  1.94E-05  2.23E-06  1.64E-06  2.00E-06  2.47E-06  1.58E-06  1.71E-06  4.36E-06  
Skin                       1.38E-06  1.64E-06  3.49E-06  1.30E-06  1.36E-06  1.50E-06  1.46E-06  1.42E-06  1.38E-06  1.45E-06  1.57E-06  1.39E-06  1.67E-06  2.01E-06  1.24E-06  1.31E-06  1.86E-06  2.12E-06  2.12E-06  2.12E-06  2.12E-06  1.44E-06  3.85E-06  1.67E-06  1.58E-06  1.64E-06  1.31E-06  2.79E-06  
Spleen                     1.39E-05  1.99E-07  1.78E-06  5.60E-06  2.21E-06  3.61E-06  1.63E-05  3.34E-06  3.92E-06  4.87E-06  1.91E-05  3.09E-06  4.87E-06  3.07E-06  1.85E-06  3.36E-05  2.56E-06  1.72E-06  1.72E-06  1.72E-06  1.72E-06  4.43E-04  4.12E-07  1.14E-06  6.17E-07  7.31E-07  1.48E-06  4.27E-06  
Testes                     ?  ?  ?  ?  ?  ?  ?  ?  ?  ?  ?  ?  ?  ?  ?  ?  ?  ?  ?  ?  ?  ?  ?  ?  ?  ?  ?  ?  
Thymus                     3.86E-06  1.28E-06  1.38E-05  1.90E-06  5.14E-07  8.20E-07  2.52E-06  7.54E-07  2.88E-05  2.39E-05  1.70E-06  3.60E-06  1.31E-05  5.43E-06  5.27E-07  3.31E-06  3.47E-06  2.71E-06  2.71E-06  2.71E-06  2.71E-06  2.00E-06  1.93E-07  1.84E-03  1.64E-05  3.54E-07  5.14E-07  6.36E-06  
Thyroid                    4.08E-07  1.81E-06  1.20E-06  2.61E-07  7.50E-08  1.32E-07  2.72E-07  1.35E-07  1.38E-06  1.29E-06  2.03E-07  3.97E-07  1.84E-06  2.38E-06  7.84E-08  3.86E-07  1.09E-06  1.16E-06  1.16E-06  1.16E-06  1.16E-06  3.74E-07  2.96E-08  5.67E-06  1.48E-03  5.23E-08  7.50E-08  2.82E-06  
Urinary Bladder Wall       7.63E-07  1.86E-08  3.19E-07  1.93E-06  1.36E-05  7.42E-06  1.32E-06  5.81E-06  3.99E-07  4.42E-07  1.30E-06  1.08E-06  3.27E-07  3.29E-06  1.46E-05  1.04E-06  2.56E-06  1.30E-06  1.30E-06  1.30E-06  1.30E-06  9.23E-07  1.70E-05  2.13E-07  9.26E-08  2.25E-04  4.01E-05  4.13E-06  
Uterus                     1.34E-06  2.62E-08  4.62E-07  4.61E-06  1.58E-05  2.38E-05  2.16E-06  1.26E-05  5.83E-07  6.02E-07  2.95E-06  1.99E-06  4.42E-07  4.61E-06  4.80E-05  1.80E-06  3.37E-06  1.42E-06  1.42E-06  1.42E-06  1.42E-06  1.58E-06  0.00E000  3.15E-07  1.33E-07  3.63E-05  5.72E-03  5.31E-06  
Total Body                 6.18E-06  4.55E-06  3.73E-06  5.13E-06  5.33E-06  5.68E-06  4.39E-06  5.24E-06  4.15E-06  5.76E-06  5.71E-06  5.74E-06  4.95E-06  4.90E-06  6.51E-06  6.24E-06  5.24E-06  4.79E-06  4.79E-06  4.79E-06  4.79E-06  5.74E-06  4.79E-06  5.26E-06  5.63E-06  4.46E-06  6.77E-06  4.92E-06  

   
   
 OLINDA - Organ Level INternal Dose Assessment Code

Dose Conversion Factors (mGy/MBq-s), Nuclide: Co-60 (5.27E00 yr), 5-year-old

                           Adrenals  Brain     Breasts   GB Cont   LLI Cont  SI Cont   StomCont  ULI Cont  HeartCon  Hrt Wall  Kidneys   Liver     Lungs     Muscle    Ovaries   Pancreas  Red Mar.  CortBoneS TrabBoneS CortBoneV TrabBoneV Spleen    Testes    Thymus    Thyroid   UB Cont   Uterus    TotBody
Adrenals                   4.14E-03  3.21E-07  3.15E-06  1.32E-05  2.33E-06  5.01E-06  9.81E-06  5.41E-06  9.41E-06  1.02E-05  3.77E-05  1.54E-05  1.18E-05  5.41E-06  2.51E-06  3.40E-05  7.82E-06  5.81E-06  5.81E-06  5.81E-06  5.81E-06  2.15E-05  6.82E-07  2.77E-06  1.26E-06  1.24E-06  2.29E-06  6.01E-06  
Brain                      3.47E-07  6.35E-05  6.51E-07  1.91E-07  6.53E-08  1.13E-07  2.32E-07  1.28E-07  7.16E-07  6.50E-07  2.04E-07  3.02E-07  8.88E-07  1.65E-06  8.26E-08  3.08E-07  4.20E-06  5.41E-06  5.41E-06  5.41E-06  5.41E-06  3.47E-07  2.88E-08  1.37E-06  4.25E-06  4.51E-08  7.17E-08  6.03E-06  
Breasts                    6.24E-07  1.20E-07  1.55E-03  6.12E-07  1.75E-07  2.43E-07  9.54E-07  2.58E-07  3.06E-06  3.85E-06  4.05E-07  1.03E-06  2.34E-06  6.15E-07  1.71E-07  9.13E-07  5.32E-07  4.85E-07  4.85E-07  4.85E-07  4.85E-07  7.07E-07  0.00E000  2.71E-06  7.15E-07  1.19E-07  1.67E-07  1.74E-06  
Gallbladder Wall           1.32E-05  1.45E-07  3.33E-06  8.05E-04  5.81E-06  1.72E-05  3.07E-05  3.84E-05  6.21E-06  8.01E-06  1.24E-05  3.11E-05  4.01E-06  3.95E-06  6.21E-06  5.81E-05  3.37E-06  2.26E-06  2.26E-06  2.26E-06  2.26E-06  9.02E-06  1.42E-06  2.21E-06  8.83E-07  3.27E-06  6.42E-06  6.47E-06  
LLI Wall                   2.01E-06  5.04E-08  7.63E-07  5.20E-06  3.75E-04  2.58E-05  5.81E-06  1.18E-05  9.63E-07  8.83E-07  3.45E-06  2.07E-06  8.43E-07  5.81E-06  5.20E-05  3.31E-06  5.81E-06  3.55E-06  3.55E-06  3.55E-06  3.55E-06  3.25E-06  1.16E-05  5.22E-07  2.55E-07  2.23E-05  2.23E-05  7.27E-06  
Small Intestine            5.01E-06  1.05E-07  1.22E-06  2.06E-05  3.07E-05  1.29E-04  9.81E-06  5.20E-05  1.92E-06  2.19E-06  1.02E-05  8.01E-06  1.71E-06  5.41E-06  3.89E-05  7.82E-06  5.41E-06  2.79E-06  2.79E-06  2.79E-06  2.79E-06  6.21E-06  3.17E-06  7.21E-07  3.49E-09  1.04E-05  3.59E-05  7.47E-06  
Stomach Wall               9.81E-06  1.65E-07  5.01E-06  2.93E-05  7.21E-06  1.02E-05  2.49E-04  1.40E-05  9.02E-06  1.22E-05  9.43E-06  1.06E-05  5.81E-06  5.01E-06  4.61E-06  4.61E-05  3.26E-06  2.39E-06  2.39E-06  2.39E-06  2.39E-06  2.20E-05  1.06E-06  2.95E-06  8.83E-07  1.99E-06  3.85E-06  6.87E-06  
ULI Wall                   6.02E-06  8.86E-08  1.18E-06  3.27E-05  1.48E-05  5.81E-05  1.28E-05  2.73E-04  2.39E-06  2.21E-06  9.21E-06  1.30E-05  1.93E-06  4.61E-06  3.57E-05  8.40E-06  4.61E-06  2.63E-06  2.63E-06  2.63E-06  2.63E-06  6.20E-06  2.89E-06  1.14E-06  4.82E-07  9.01E-06  1.90E-05  7.06E-06  
Heart Wall                 1.09E-05  6.43E-07  2.08E-05  8.56E-06  1.54E-06  2.34E-06  1.29E-05  2.91E-06  1.71E-04  3.59E-04  3.86E-06  1.16E-05  1.88E-05  4.49E-06  1.20E-06  1.46E-05  3.34E-06  2.91E-06  2.91E-06  2.91E-06  2.91E-06  7.49E-06  4.72E-07  2.33E-05  4.72E-06  6.65E-07  1.26E-06  7.27E-06  
Kidneys                    3.52E-05  1.77E-07  1.91E-06  1.22E-05  4.13E-06  9.56E-06  8.43E-06  8.44E-06  3.56E-06  3.38E-06  2.93E-04  1.14E-05  3.94E-06  4.31E-06  4.12E-06  1.86E-05  5.81E-06  3.52E-06  3.52E-06  3.52E-06  3.52E-06  2.76E-05  8.26E-07  1.50E-06  6.94E-07  1.86E-06  4.31E-06  6.50E-06  
Liver                      2.12E-05  3.84E-07  7.16E-06  4.00E-05  3.42E-06  1.10E-05  1.49E-05  1.60E-05  1.32E-05  1.49E-05  1.68E-05  1.39E-04  1.16E-05  5.27E-06  5.38E-06  2.48E-05  4.50E-06  3.61E-06  3.61E-06  3.61E-06  3.61E-06  7.18E-06  1.24E-06  4.47E-06  1.65E-06  2.79E-06  4.74E-06  9.05E-06  
Lungs                      1.48E-05  1.03E-06  1.48E-05  5.77E-06  1.13E-06  2.13E-06  7.03E-06  2.46E-06  2.36E-05  2.21E-05  5.27E-06  1.05E-05  1.29E-04  5.27E-06  1.38E-06  1.08E-05  4.92E-06  4.64E-06  4.64E-06  4.64E-06  4.64E-06  9.79E-06  3.09E-07  1.38E-05  6.53E-06  6.53E-07  1.21E-06  6.82E-06  
Muscle                     5.41E-06  1.52E-06  3.11E-06  5.41E-06  5.81E-06  5.41E-06  4.61E-06  5.01E-06  4.21E-06  4.21E-06  4.61E-06  3.83E-06  4.21E-06  1.31E-05  6.62E-06  5.41E-06  4.21E-06  3.85E-06  3.85E-06  3.85E-06  3.85E-06  5.01E-06  5.41E-06  5.01E-06  6.81E-06  5.81E-06  7.02E-06  5.87E-06  
Ovaries                    2.74E-06  8.38E-08  9.44E-07  7.24E-06  6.14E-05  4.26E-05  4.39E-06  3.18E-05  1.16E-06  1.23E-06  4.82E-06  4.28E-06  1.21E-06  7.24E-06  1.32E-02  3.71E-06  7.02E-06  3.25E-06  3.25E-06  3.25E-06  3.25E-06  2.96E-06  0.00E000  6.37E-07  3.23E-07  2.35E-05  7.24E-05  8.30E-06  
Pancreas                   2.53E-05  2.12E-07  3.43E-06  3.57E-05  2.64E-06  5.81E-06  3.11E-05  6.70E-06  8.19E-06  1.01E-05  1.48E-05  1.34E-05  6.41E-06  4.02E-06  2.52E-06  8.20E-04  3.13E-06  2.28E-06  2.28E-06  2.28E-06  2.28E-06  3.72E-05  6.41E-07  2.26E-06  8.95E-07  1.33E-06  2.29E-06  5.82E-06  
Red Marrow                 8.01E-06  3.87E-06  2.67E-06  3.51E-06  6.81E-06  5.41E-06  2.71E-06  4.61E-06  3.19E-06  3.19E-06  6.21E-06  3.27E-06  3.93E-06  4.21E-06  6.41E-06  4.21E-06  4.52E-05  9.22E-06  1.53E-05  9.22E-06  1.53E-05  3.85E-06  2.10E-06  2.75E-06  2.59E-06  3.01E-06  4.61E-06  5.64E-06  
Osteogenic Cells           7.02E-06  6.21E-06  2.93E-06  2.69E-06  3.89E-06  3.33E-06  2.49E-06  2.95E-06  3.35E-06  3.35E-06  4.61E-06  3.15E-06  4.61E-06  4.61E-06  3.55E-06  3.71E-06  2.44E-05  1.75E-05  3.08E-05  1.75E-05  3.08E-05  3.65E-06  2.58E-06  3.15E-06  3.53E-06  2.43E-06  2.79E-06  6.35E-06  
Skin                       2.21E-06  2.39E-06  5.22E-06  1.99E-06  2.45E-06  1.95E-06  2.26E-06  2.30E-06  2.21E-06  2.34E-06  2.59E-06  2.29E-06  2.41E-06  3.27E-06  2.23E-06  2.23E-06  3.19E-06  3.11E-06  3.11E-06  3.11E-06  3.11E-06  2.13E-06  5.41E-06  2.57E-06  2.25E-06  2.65E-06  2.21E-06  4.31E-06  
Spleen                     2.37E-05  3.54E-07  3.93E-06  1.10E-05  4.64E-06  6.85E-06  2.67E-05  6.18E-06  6.85E-06  7.73E-06  3.25E-05  5.75E-06  8.62E-06  5.52E-06  2.98E-06  5.52E-05  4.24E-06  3.34E-06  3.34E-06  3.34E-06  3.34E-06  7.99E-04  8.40E-07  2.07E-06  1.10E-06  1.59E-06  2.85E-06  7.46E-06  
Testes                     ?  ?  ?  ?  ?  ?  ?  ?  ?  ?  ?  ?  ?  ?  ?  ?  ?  ?  ?  ?  ?  ?  ?  ?  ?  ?  ?  ?  
Thymus                     3.85E-06  1.76E-06  1.90E-05  2.54E-06  8.09E-07  1.00E-06  3.71E-06  1.51E-06  3.48E-05  3.03E-05  2.23E-06  4.51E-06  1.53E-05  6.96E-06  8.08E-07  4.23E-06  3.82E-06  3.65E-06  3.65E-06  3.65E-06  3.65E-06  2.61E-06  3.40E-07  1.55E-03  2.48E-05  5.86E-07  7.81E-07  8.31E-06  
Thyroid                    6.56E-07  2.04E-06  1.87E-06  4.37E-07  1.47E-07  1.81E-09  4.58E-07  2.50E-07  2.39E-06  2.29E-06  3.85E-07  6.24E-07  2.71E-06  3.53E-06  1.53E-07  6.25E-07  1.34E-06  1.52E-06  1.52E-06  1.52E-06  1.52E-06  5.20E-07  6.68E-08  9.26E-06  2.75E-03  1.08E-07  1.49E-07  4.07E-06  
Urinary Bladder Wall       1.32E-06  4.23E-08  6.02E-07  3.85E-06  1.96E-05  1.24E-05  2.25E-06  6.81E-06  7.42E-07  8.03E-07  2.15E-06  1.95E-06  6.23E-07  6.62E-06  2.26E-05  1.79E-06  2.97E-06  2.57E-06  2.57E-06  2.57E-06  2.57E-06  1.54E-06  2.72E-05  4.01E-07  2.09E-07  3.17E-04  5.41E-05  7.27E-06  
Uterus                     2.29E-06  6.64E-08  8.43E-07  7.21E-06  2.28E-05  3.59E-05  4.21E-06  1.82E-05  1.10E-06  1.18E-06  4.61E-06  3.45E-06  9.63E-07  7.02E-06  6.62E-05  3.09E-06  4.61E-06  2.33E-06  2.33E-06  2.33E-06  2.33E-06  2.59E-06  0.00E000  5.62E-07  2.87E-07  5.01E-05  8.27E-03  7.67E-06  
Total Body                 8.43E-06  6.72E-06  5.31E-06  7.97E-06  7.24E-06  7.98E-06  6.00E-06  7.15E-06  5.99E-06  8.19E-06  8.19E-06  8.19E-06  6.72E-06  6.97E-06  9.18E-06  8.92E-06  6.97E-06  6.72E-06  6.72E-06  6.72E-06  6.72E-06  8.19E-06  6.72E-06  7.46E-06  8.19E-06  6.27E-06  9.18E-06  6.97E-06  

   
   
 OLINDA - Organ Level INternal Dose Assessment Code

Dose Conversion Factors (mGy/MBq-s), Nuclide: Co-60 (5.27E00 yr), 1-year-old

                           Adrenals  Brain     Breasts   GB Cont   LLI Cont  SI Cont   StomCont  ULI Cont  HeartCon  Hrt Wall  Kidneys   Liver     Lungs     Muscle    Ovaries   Pancreas  Red Mar.  CortBoneS TrabBoneS CortBoneV TrabBoneV Spleen    Testes    Thymus    Thyroid   UB Cont   Uterus    TotBody
Adrenals                   6.06E-03  5.43E-07  5.01E-06  1.66E-05  4.21E-06  9.62E-06  1.34E-05  9.01E-06  1.36E-05  1.48E-05  6.41E-05  2.34E-05  1.92E-05  9.22E-06  4.61E-06  5.62E-05  1.20E-05  1.18E-05  1.18E-05  1.18E-05  1.18E-05  3.95E-05  1.38E-06  3.95E-06  2.37E-06  2.71E-06  4.21E-06  1.04E-05  
Brain                      5.36E-07  7.45E-05  1.03E-06  3.18E-07  1.53E-07  2.34E-07  3.66E-07  2.25E-07  1.07E-06  9.93E-07  3.95E-07  5.76E-07  1.45E-06  2.91E-06  1.45E-07  4.96E-07  8.71E-06  6.93E-06  6.93E-06  6.93E-06  6.93E-06  6.95E-07  6.77E-08  2.14E-06  4.76E-06  1.05E-07  1.53E-07  1.03E-05  
Breasts                    7.88E-07  1.64E-07  2.16E-03  8.84E-07  2.68E-07  3.89E-07  1.39E-06  4.68E-07  4.38E-06  5.08E-06  4.70E-07  1.39E-06  2.74E-06  8.84E-07  2.71E-07  1.32E-06  6.62E-07  7.25E-07  7.25E-07  7.25E-07  7.25E-07  9.15E-07  0.00E000  3.06E-06  1.01E-06  2.11E-07  2.75E-07  3.13E-06  
Gallbladder Wall           1.75E-05  2.80E-07  5.81E-06  2.68E-03  9.83E-06  3.03E-05  3.75E-05  5.01E-05  1.02E-05  1.36E-05  1.64E-05  5.61E-05  7.02E-06  8.42E-06  1.14E-05  7.21E-05  4.61E-06  4.21E-06  4.21E-06  4.21E-06  4.21E-06  1.42E-05  2.83E-06  3.63E-06  1.76E-06  6.21E-06  1.20E-05  1.12E-05  
LLI Wall                   4.61E-06  1.19E-07  1.54E-06  9.62E-06  6.85E-04  4.19E-05  1.00E-05  2.24E-05  1.93E-06  2.19E-06  6.01E-06  4.42E-06  1.80E-06  8.42E-06  8.21E-05  5.41E-06  7.42E-06  7.63E-06  7.63E-06  7.63E-06  7.63E-06  6.82E-06  2.38E-05  1.00E-06  6.02E-07  3.69E-05  3.99E-05  1.14E-05  
Small Intestine            9.62E-06  2.37E-07  2.47E-06  3.59E-05  5.01E-05  2.35E-04  1.76E-05  8.42E-05  3.91E-06  4.40E-06  1.66E-05  1.40E-05  3.47E-06  9.22E-06  6.62E-05  1.52E-05  6.81E-06  5.61E-06  5.61E-06  5.61E-06  5.61E-06  1.14E-05  5.81E-06  1.81E-06  7.43E-07  1.89E-05  6.21E-05  1.30E-05  
Stomach Wall               1.34E-05  3.20E-07  8.82E-06  4.40E-05  1.28E-05  2.03E-05  4.49E-04  2.41E-05  1.40E-05  2.10E-05  1.20E-05  2.18E-05  9.83E-06  7.02E-06  6.81E-06  7.21E-05  3.83E-06  4.82E-06  4.82E-06  4.82E-06  4.82E-06  3.75E-05  2.07E-06  4.82E-06  2.43E-06  4.61E-06  8.80E-06  1.12E-05  
ULI Wall                   8.80E-06  1.91E-07  2.77E-06  6.21E-05  2.49E-05  9.62E-05  2.06E-05  4.88E-04  4.17E-06  4.82E-06  1.40E-05  2.04E-05  3.60E-06  8.22E-06  5.81E-05  1.66E-05  6.62E-06  4.61E-06  4.61E-06  4.61E-06  4.61E-06  1.08E-05  6.02E-06  1.58E-06  1.04E-06  1.57E-05  3.19E-05  1.22E-05  
Heart Wall                 1.68E-05  1.14E-06  3.65E-05  1.47E-05  2.77E-06  4.98E-06  2.43E-05  5.45E-06  2.92E-04  6.48E-04  7.73E-06  2.13E-05  3.24E-05  8.85E-06  2.79E-06  2.36E-05  5.22E-06  5.67E-06  5.67E-06  5.67E-06  5.67E-06  1.29E-05  1.09E-06  3.95E-05  8.63E-06  1.70E-06  2.36E-06  1.35E-05  
Kidneys                    5.97E-05  3.72E-07  2.78E-06  1.72E-05  6.53E-06  1.55E-05  1.21E-05  1.36E-05  5.79E-06  6.35E-06  4.81E-04  1.68E-05  8.03E-06  7.84E-06  7.28E-06  2.85E-05  7.66E-06  7.28E-06  7.28E-06  7.28E-06  7.28E-06  3.88E-05  1.61E-06  2.67E-06  1.42E-06  3.16E-06  8.04E-06  1.11E-05  
Liver                      2.82E-05  7.01E-07  1.06E-05  6.51E-05  5.31E-06  1.69E-05  2.34E-05  2.46E-05  2.00E-05  2.27E-05  2.17E-05  2.05E-04  1.78E-05  8.44E-06  8.20E-06  3.64E-05  6.03E-06  6.51E-06  6.51E-06  6.51E-06  6.51E-06  1.13E-05  2.20E-06  6.28E-06  2.85E-06  4.66E-06  7.73E-06  1.42E-05  
Lungs                      2.17E-05  1.65E-06  1.96E-05  8.80E-06  2.35E-06  3.91E-06  1.06E-05  4.74E-06  3.36E-05  3.22E-05  9.70E-06  1.67E-05  2.07E-04  8.80E-06  2.14E-06  1.65E-05  7.23E-06  8.13E-06  8.13E-06  8.13E-06  8.13E-06  1.60E-05  7.68E-07  1.85E-05  1.06E-05  1.29E-06  2.30E-06  1.16E-05  
Muscle                     9.22E-06  2.95E-06  5.62E-06  9.62E-06  1.00E-05  9.22E-06  8.22E-06  8.82E-06  7.42E-06  7.82E-06  8.42E-06  7.02E-06  7.82E-06  2.50E-05  1.16E-05  1.00E-05  6.62E-06  7.02E-06  7.02E-06  7.02E-06  7.02E-06  8.62E-06  9.43E-06  8.62E-06  1.24E-05  1.00E-05  1.20E-05  1.06E-05  
Ovaries                    5.18E-06  1.65E-07  1.94E-06  1.47E-05  1.08E-04  7.43E-05  8.56E-06  5.63E-05  2.35E-06  2.77E-06  8.78E-06  7.65E-06  2.14E-06  1.31E-05  3.15E-02  7.20E-06  9.00E-06  6.75E-06  6.75E-06  6.75E-06  6.75E-06  6.76E-06  0.00E000  1.28E-06  7.66E-07  3.67E-05  1.28E-04  1.48E-05  
Pancreas                   4.55E-05  4.07E-07  6.82E-06  5.69E-05  5.36E-06  1.23E-05  5.19E-05  1.20E-05  1.46E-05  1.69E-05  2.48E-05  2.45E-05  1.19E-05  8.12E-06  5.19E-06  1.85E-03  5.04E-06  5.04E-06  5.04E-06  5.04E-06  5.04E-06  6.82E-05  1.45E-06  5.35E-06  1.93E-06  3.38E-06  5.04E-06  1.13E-05  
Red Marrow                 1.20E-05  8.82E-06  4.21E-06  4.42E-06  8.22E-06  6.81E-06  4.21E-06  5.81E-06  5.01E-06  5.01E-06  8.22E-06  5.01E-06  6.42E-06  6.62E-06  8.01E-06  6.21E-06  1.03E-04  1.58E-05  3.15E-05  1.58E-05  3.15E-05  5.81E-06  3.15E-06  4.21E-06  4.21E-06  3.91E-06  5.61E-06  9.83E-06  
Osteogenic Cells           1.40E-05  8.22E-06  5.61E-06  5.22E-06  8.01E-06  6.62E-06  5.41E-06  5.81E-06  6.62E-06  6.62E-06  9.43E-06  6.62E-06  8.62E-06  8.42E-06  7.21E-06  7.42E-06  5.47E-05  3.46E-05  6.69E-05  3.46E-05  6.69E-05  7.42E-06  5.01E-06  5.81E-06  5.41E-06  4.82E-06  5.41E-06  1.19E-05  
Skin                       4.42E-06  4.42E-06  9.62E-06  3.57E-06  4.42E-06  3.67E-06  4.40E-06  4.20E-06  3.91E-06  4.42E-06  4.82E-06  4.61E-06  4.21E-06  6.02E-06  4.01E-06  3.87E-06  6.02E-06  5.81E-06  5.81E-06  5.81E-06  5.81E-06  4.42E-06  9.81E-06  4.61E-06  4.15E-06  4.61E-06  3.83E-06  7.97E-06  
Spleen                     3.99E-05  7.09E-07  5.86E-06  1.42E-05  7.48E-06  1.15E-05  3.54E-05  9.89E-06  9.89E-06  1.15E-05  4.20E-05  9.50E-06  1.43E-05  8.69E-06  6.07E-06  8.48E-05  5.86E-06  6.27E-06  6.27E-06  6.27E-06  6.27E-06  1.24E-03  1.64E-06  4.00E-06  1.92E-06  2.89E-06  4.84E-06  1.19E-05  
Testes                     ?  ?  ?  ?  ?  ?  ?  ?  ?  ?  ?  ?  ?  ?  ?  ?  ?  ?  ?  ?  ?  ?  ?  ?  ?  ?  ?  ?  
Thymus                     4.34E-06  2.38E-06  2.14E-05  3.67E-06  1.21E-06  1.98E-06  5.06E-06  1.76E-06  3.94E-05  3.83E-05  3.15E-06  5.73E-06  1.80E-05  9.46E-06  1.25E-06  7.25E-06  4.62E-06  5.06E-06  5.06E-06  5.06E-06  5.06E-06  4.36E-06  5.95E-07  1.48E-03  4.62E-05  9.90E-07  1.25E-06  1.21E-05  
Thyroid                    1.74E-06  3.54E-06  4.73E-06  1.27E-06  5.02E-07  5.47E-07  1.36E-06  7.68E-07  6.19E-06  5.61E-06  1.12E-06  1.74E-06  6.94E-06  9.15E-06  5.02E-07  1.76E-06  3.10E-06  3.25E-06  3.25E-06  3.25E-06  3.25E-06  1.40E-06  2.47E-07  3.10E-05  7.77E-03  3.84E-07  5.02E-07  9.82E-06  
Urinary Bladder Wall       2.55E-06  1.03E-07  1.30E-06  7.02E-06  3.65E-05  1.82E-05  4.61E-06  1.70E-05  1.54E-06  1.67E-06  3.89E-06  3.75E-06  1.30E-06  9.23E-06  3.33E-05  3.47E-06  4.40E-06  4.40E-06  4.40E-06  4.40E-06  4.40E-06  2.95E-06  5.20E-05  8.62E-07  5.22E-07  5.49E-04  9.02E-05  1.12E-05  
Uterus                     4.21E-06  1.55E-07  1.75E-06  1.34E-05  4.01E-05  6.21E-05  7.82E-06  3.35E-05  2.15E-06  2.08E-06  8.64E-06  6.42E-06  2.05E-06  1.20E-05  1.14E-04  6.21E-06  5.61E-06  4.61E-06  4.61E-06  4.61E-06  4.61E-06  4.80E-06  0.00E000  1.14E-06  6.82E-07  8.42E-05  1.44E-02  1.34E-05  
Total Body                 1.49E-05  1.22E-05  9.78E-06  1.27E-05  1.30E-05  1.38E-05  1.10E-05  1.29E-05  1.05E-05  1.45E-05  1.40E-05  1.45E-05  1.25E-05  1.25E-05  1.59E-05  1.59E-05  1.18E-05  1.20E-05  1.20E-05  1.20E-05  1.20E-05  1.40E-05  1.20E-05  1.32E-05  1.49E-05  1.03E-05  1.59E-05  1.25E-05  

   
   
 OLINDA - Organ Level INternal Dose Assessment Code

Dose Conversion Factors (mGy/MBq-s), Nuclide: Co-60 (5.27E00 yr), Newborn

                           Adrenals  Brain     Breasts   GB Cont   LLI Cont  SI Cont   StomCont  ULI Cont  HeartCon  Hrt Wall  Kidneys   Liver     Lungs     Muscle    Ovaries   Pancreas  Red Mar.  CortBoneS TrabBoneS CortBoneV TrabBoneV Spleen    Testes    Thymus    Thyroid   UB Cont   Uterus    TotBody
Adrenals                   3.88E-03  1.55E-06  1.02E-05  4.61E-05  8.22E-06  1.86E-05  2.99E-05  2.13E-05  2.75E-05  2.80E-05  1.22E-04  4.61E-05  4.08E-05  1.78E-05  8.61E-06  1.14E-04  1.90E-05  2.18E-05  2.18E-05  2.18E-05  2.18E-05  8.42E-05  3.15E-06  8.82E-06  5.01E-06  6.21E-06  8.62E-06  2.07E-05  
Brain                      1.54E-06  1.51E-04  2.21E-06  9.98E-07  3.76E-07  5.59E-07  1.04E-06  7.19E-07  2.69E-06  2.39E-06  1.24E-06  1.30E-06  3.11E-06  6.57E-06  4.12E-07  1.48E-06  1.87E-05  1.35E-05  1.35E-05  1.35E-05  1.35E-05  1.26E-06  3.03E-07  4.39E-06  9.76E-06  3.67E-07  4.59E-07  2.17E-05  
Breasts                    5.66E-07  1.24E-07  2.93E-03  7.56E-07  2.16E-07  2.89E-07  1.00E-06  3.34E-07  2.88E-06  3.78E-06  3.56E-07  1.00E-06  1.88E-06  6.67E-07  2.16E-07  7.89E-07  4.56E-07  5.67E-07  5.67E-07  5.67E-07  5.67E-07  5.43E-07  0.00E000  2.23E-06  7.23E-07  1.61E-07  2.16E-07  5.86E-06  
Gallbladder Wall           4.21E-05  1.00E-06  1.28E-05  5.59E-03  2.17E-05  6.41E-05  1.08E-04  1.00E-04  2.29E-05  3.23E-05  3.77E-05  1.06E-04  1.88E-05  2.00E-05  2.15E-05  2.56E-04  8.61E-06  1.00E-05  1.00E-05  1.00E-05  1.00E-05  3.77E-05  5.81E-06  6.02E-06  4.21E-06  1.40E-05  2.79E-05  2.82E-05  
LLI Wall                   7.61E-06  3.76E-07  3.51E-06  1.83E-05  1.64E-03  8.42E-05  1.86E-05  4.40E-05  4.21E-06  5.01E-06  1.36E-05  9.63E-06  4.82E-06  2.14E-05  1.67E-04  1.34E-05  1.42E-05  1.54E-05  1.54E-05  1.54E-05  1.54E-05  1.32E-05  4.40E-05  2.37E-06  1.50E-06  7.21E-05  8.21E-05  2.64E-05  
Small Intestine            1.86E-05  5.63E-07  5.22E-06  6.62E-05  1.00E-04  5.59E-04  3.35E-05  1.62E-04  7.82E-06  8.82E-06  3.27E-05  3.05E-05  7.63E-06  1.92E-05  1.32E-04  3.03E-05  1.08E-05  1.18E-05  1.18E-05  1.18E-05  1.18E-05  2.38E-05  1.41E-05  3.51E-06  2.01E-06  4.21E-05  1.22E-04  2.76E-05  
Stomach Wall               3.03E-05  1.17E-06  1.50E-05  1.10E-04  2.87E-05  3.73E-05  1.31E-03  4.80E-05  2.83E-05  4.15E-05  2.51E-05  4.21E-05  1.85E-05  1.88E-05  1.60E-05  1.38E-04  8.03E-06  9.43E-06  9.43E-06  9.43E-06  9.43E-06  6.62E-05  4.82E-06  9.81E-06  4.61E-06  1.10E-05  1.89E-05  2.58E-05  
ULI Wall                   1.79E-05  6.82E-07  6.81E-06  1.12E-04  5.41E-05  1.76E-04  4.61E-05  1.11E-03  9.63E-06  1.08E-05  2.55E-05  4.61E-05  7.63E-06  1.86E-05  1.18E-04  3.15E-05  1.00E-05  1.08E-05  1.08E-05  1.08E-05  1.08E-05  2.19E-05  1.08E-05  4.01E-06  2.41E-06  2.97E-05  6.81E-05  2.72E-05  
Heart Wall                 3.66E-05  3.14E-06  8.92E-05  4.38E-05  7.07E-06  1.15E-05  5.03E-05  1.21E-05  5.46E-04  1.42E-03  1.94E-05  4.69E-05  7.07E-05  2.07E-05  6.02E-06  5.50E-05  1.20E-05  1.47E-05  1.47E-05  1.47E-05  1.47E-05  2.65E-05  2.89E-06  8.38E-05  2.44E-05  4.48E-06  7.34E-06  3.19E-05  
Kidneys                    1.12E-04  1.15E-06  5.90E-06  3.70E-05  1.31E-05  3.00E-05  2.39E-05  2.38E-05  1.22E-05  1.36E-05  1.09E-03  3.09E-05  1.49E-05  1.57E-05  2.01E-05  4.97E-05  1.33E-05  1.68E-05  1.68E-05  1.68E-05  1.68E-05  8.10E-05  3.63E-06  4.24E-06  3.21E-06  6.82E-06  1.42E-05  2.34E-05  
Liver                      6.20E-05  1.75E-06  2.43E-05  1.40E-04  1.32E-05  4.09E-05  5.34E-05  5.94E-05  4.23E-05  4.82E-05  4.52E-05  4.73E-04  3.77E-05  1.91E-05  1.89E-05  7.28E-05  1.29E-05  1.56E-05  1.56E-05  1.56E-05  1.56E-05  2.40E-05  6.48E-06  1.29E-05  7.02E-06  1.13E-05  1.89E-05  3.26E-05  
Lungs                      4.85E-05  3.72E-06  4.03E-05  2.17E-05  5.24E-06  9.06E-06  2.21E-05  9.75E-06  6.90E-05  6.43E-05  1.93E-05  3.33E-05  5.58E-04  1.98E-05  6.66E-06  3.83E-05  1.45E-05  1.78E-05  1.78E-05  1.78E-05  1.78E-05  3.28E-05  2.03E-06  3.50E-05  2.12E-05  3.67E-06  5.47E-06  2.59E-05  
Muscle                     1.78E-05  6.62E-06  1.20E-05  1.92E-05  2.04E-05  1.92E-05  1.76E-05  1.82E-05  1.54E-05  1.58E-05  1.70E-05  1.42E-05  1.66E-05  3.99E-05  2.34E-05  2.10E-05  1.36E-05  1.46E-05  1.46E-05  1.46E-05  1.46E-05  1.82E-05  1.90E-05  1.78E-05  2.47E-05  2.06E-05  2.30E-05  2.24E-05  
Ovaries                    1.03E-05  4.97E-07  4.66E-06  3.03E-05  2.26E-04  1.59E-04  1.90E-05  1.23E-04  5.29E-06  5.52E-06  2.62E-05  1.68E-05  6.72E-06  2.81E-05  7.16E-02  1.61E-05  1.54E-05  1.61E-05  1.61E-05  1.61E-05  1.61E-05  1.42E-05  0.00E000  3.13E-06  2.02E-06  8.64E-05  2.59E-04  3.21E-05  
Pancreas                   6.89E-05  8.97E-07  8.60E-06  1.55E-04  8.11E-06  1.83E-05  8.11E-05  2.05E-05  2.15E-05  2.54E-05  3.27E-05  3.27E-05  1.95E-05  1.27E-05  8.11E-06  3.97E-03  6.78E-06  7.99E-06  7.99E-06  7.99E-06  7.99E-06  8.95E-05  2.40E-06  6.06E-06  3.02E-06  4.48E-06  7.51E-06  1.88E-05  
Red Marrow                 1.90E-05  1.88E-05  8.22E-06  8.82E-06  1.36E-05  1.08E-05  8.61E-06  1.00E-05  9.62E-06  9.62E-06  1.44E-05  9.62E-06  1.24E-05  1.34E-05  1.28E-05  1.12E-05  3.33E-04  3.29E-05  8.69E-05  3.29E-05  8.69E-05  1.12E-05  6.42E-06  8.82E-06  8.22E-06  7.22E-06  9.41E-06  2.26E-05  
Osteogenic Cells           2.62E-05  1.66E-05  1.24E-05  1.22E-05  1.72E-05  1.42E-05  1.22E-05  1.28E-05  1.38E-05  1.38E-05  2.19E-05  1.38E-05  1.80E-05  1.76E-05  1.58E-05  1.58E-05  1.55E-04  8.81E-05  1.94E-04  8.81E-05  1.94E-04  1.60E-05  1.10E-05  1.24E-05  1.04E-05  1.02E-05  1.24E-05  2.84E-05  
Skin                       9.41E-06  9.43E-06  1.98E-05  8.22E-06  9.41E-06  7.82E-06  9.63E-06  8.03E-06  8.61E-06  9.23E-06  1.04E-05  9.62E-06  9.02E-06  1.22E-05  8.42E-06  7.82E-06  1.28E-05  1.22E-05  1.22E-05  1.22E-05  1.22E-05  9.62E-06  2.02E-05  1.08E-05  8.42E-06  9.83E-06  9.02E-06  1.72E-05  
Spleen                     9.15E-05  1.38E-06  1.07E-05  4.37E-05  2.11E-05  2.59E-05  7.41E-05  2.27E-05  2.07E-05  2.20E-05  9.59E-05  1.94E-05  3.01E-05  1.98E-05  1.29E-05  1.61E-04  1.22E-05  1.46E-05  1.46E-05  1.46E-05  1.46E-05  3.29E-03  4.06E-06  8.51E-06  5.01E-06  7.63E-06  1.22E-05  2.70E-05  
Testes                     ?  ?  ?  ?  ?  ?  ?  ?  ?  ?  ?  ?  ?  ?  ?  ?  ?  ?  ?  ?  ?  ?  ?  ?  ?  ?  ?  ?  
Thymus                     8.49E-06  4.25E-06  3.87E-05  5.59E-06  2.74E-06  3.38E-06  8.30E-06  4.25E-06  6.17E-05  6.17E-05  4.44E-06  9.26E-06  2.83E-05  1.72E-05  2.51E-06  9.66E-06  8.49E-06  1.00E-05  1.00E-05  1.00E-05  1.00E-05  7.53E-06  1.25E-06  2.25E-03  9.46E-05  1.91E-06  2.49E-06  2.33E-05  
Thyroid                    3.54E-06  6.95E-06  9.22E-06  2.98E-06  1.15E-06  1.42E-06  2.69E-06  1.72E-06  1.35E-05  1.32E-05  2.47E-06  3.69E-06  1.26E-05  1.74E-05  1.19E-06  3.54E-06  5.81E-06  6.23E-06  6.23E-06  6.23E-06  6.23E-06  3.26E-06  6.24E-07  6.95E-05  9.77E-03  8.37E-07  1.16E-06  1.99E-05  
Urinary Bladder Wall       5.41E-06  3.54E-07  3.07E-06  1.38E-05  6.81E-05  3.91E-05  1.08E-05  3.65E-05  3.37E-06  3.43E-06  9.02E-06  9.22E-06  3.19E-06  2.21E-05  8.00E-05  7.63E-06  7.22E-06  8.43E-06  8.43E-06  8.43E-06  8.43E-06  7.42E-06  9.01E-05  2.03E-06  1.30E-06  1.20E-03  1.80E-04  2.54E-05  
Uterus                     8.62E-06  4.62E-07  3.89E-06  2.69E-05  7.61E-05  1.22E-04  1.42E-05  6.81E-05  4.82E-06  5.62E-06  1.54E-05  1.40E-05  4.61E-06  2.30E-05  2.16E-04  1.24E-05  9.41E-06  1.06E-05  1.06E-05  1.06E-05  1.06E-05  1.12E-05  0.00E000  2.59E-06  1.64E-06  1.66E-04  6.00E-03  2.80E-05  
Total Body                 2.85E-05  2.40E-05  1.97E-05  2.48E-05  2.47E-05  2.68E-05  2.15E-05  2.46E-05  1.96E-05  2.83E-05  2.76E-05  2.83E-05  2.49E-05  2.47E-05  3.06E-05  3.08E-05  2.31E-05  2.35E-05  2.35E-05  2.35E-05  2.35E-05  2.78E-05  2.40E-05  2.65E-05  2.87E-05  1.99E-05  3.10E-05  2.49E-05  

   
