 OLINDA - Organ Level INternal Dose Assessment Code

Dose Conversion Factors (mGy/MBq-s), Nuclide: N-13 (9.97E00 min), Adult Male

                           Adrenals  Brain     Breasts   GB Cont   LLI Cont  SI Cont   StomCont  ULI Cont  HeartCon  Hrt Wall  Kidneys   Liver     Lungs     Muscle    Ovaries   Pancreas  Red Mar.  CortBoneS TrabBoneS CortBoneV TrabBoneV Spleen    Testes    Thymus    Thyroid   UB Cont   Uterus    TotBody
Adrenals                   5.00E-03  1.16E-08  4.74E-07  2.12E-06  2.13E-07  5.88E-07  2.12E-06  6.69E-07  1.79E-06  2.12E-06  5.38E-06  3.10E-06  1.79E-06  8.81E-07  2.77E-07  7.33E-06  1.96E-06  8.97E-07  8.97E-07  8.97E-07  8.97E-07  3.26E-06  3.29E-08  5.06E-07  9.20E-08  1.23E-07  2.28E-07  9.96E-07  
Brain                      1.22E-08  8.01E-05  4.32E-08  7.25E-09  9.75E-10  1.93E-09  1.14E-08  2.28E-09  5.36E-08  5.17E-08  5.24E-09  1.91E-08  1.05E-07  2.06E-07  9.92E-10  1.51E-08  7.54E-07  1.08E-06  1.08E-06  1.08E-06  1.08E-06  2.07E-08  1.80E-10  1.12E-07  1.20E-06  5.01E-10  9.04E-10  2.23E-06  
Breasts                    4.74E-07  4.12E-08  2.60E-04  3.11E-07  4.44E-08  9.85E-08  5.07E-07  1.16E-07  1.96E-06  2.12E-06  2.13E-07  6.04E-07  1.79E-06  3.76E-07  4.61E-08  5.40E-07  5.07E-07  3.10E-07  3.10E-07  3.10E-07  3.10E-07  4.24E-07  0.00E000  2.28E-06  2.95E-07  2.30E-08  5.42E-08  2.11E-06  
Gallbladder Wall           2.28E-06  5.16E-09  3.27E-07  7.84E-04  4.73E-07  3.09E-06  2.12E-06  5.05E-06  7.20E-07  9.62E-07  2.93E-06  6.03E-06  5.71E-07  8.98E-07  7.83E-07  5.37E-06  8.96E-07  3.59E-07  3.59E-07  3.59E-07  3.59E-07  8.99E-07  9.67E-08  2.45E-07  4.77E-08  3.27E-07  8.67E-07  2.60E-06  
LLI Wall                   2.12E-07  7.78E-10  4.43E-08  4.10E-07  3.02E-04  4.24E-06  6.85E-07  1.79E-06  5.74E-08  7.22E-08  4.41E-07  1.45E-07  5.09E-08  9.95E-07  8.48E-06  3.43E-07  1.53E-06  6.03E-07  6.03E-07  6.03E-07  6.03E-07  3.59E-07  1.50E-06  3.13E-08  6.80E-09  3.91E-06  3.26E-06  2.57E-06  
Small Intestine            5.88E-07  1.84E-09  9.85E-08  3.09E-06  4.89E-06  1.02E-04  1.39E-06  8.97E-06  1.64E-07  2.12E-07  1.55E-06  8.65E-07  1.45E-07  8.33E-07  6.36E-06  1.06E-06  1.35E-06  4.41E-07  4.41E-07  4.41E-07  4.41E-07  7.83E-07  2.62E-07  6.39E-08  9.76E-09  1.48E-06  5.54E-06  2.60E-06  
Stomach Wall               1.80E-06  9.46E-09  5.40E-07  1.96E-06  9.63E-07  1.57E-06  1.79E-04  2.12E-06  1.19E-06  1.80E-06  1.80E-06  1.14E-06  8.49E-07  8.32E-07  5.23E-07  8.97E-06  6.53E-07  3.26E-07  3.26E-07  3.26E-07  3.26E-07  5.22E-06  6.72E-08  3.76E-07  6.56E-08  1.96E-07  4.75E-07  2.50E-06  
ULI Wall                   7.03E-07  2.18E-09  9.84E-08  5.38E-06  2.28E-06  9.95E-06  1.80E-06  1.92E-04  2.12E-07  2.45E-07  1.51E-06  1.36E-06  1.80E-07  8.16E-07  5.71E-06  1.12E-06  1.14E-06  3.92E-07  3.92E-07  3.92E-07  3.92E-07  7.19E-07  1.96E-07  9.34E-08  1.98E-08  1.13E-06  2.77E-06  2.57E-06  
Heart Wall                 2.42E-06  5.64E-08  2.43E-06  8.60E-07  9.01E-08  2.43E-07  2.05E-06  2.81E-07  1.11E-04  3.42E-04  6.92E-07  1.87E-06  3.54E-06  8.03E-07  1.09E-07  2.80E-06  9.89E-07  5.41E-07  5.41E-07  5.41E-07  5.41E-07  1.31E-06  1.87E-08  5.79E-06  4.30E-07  3.57E-08  1.03E-07  2.63E-06  
Kidneys                    5.42E-06  5.03E-09  2.15E-07  2.78E-06  6.07E-07  1.56E-06  1.81E-06  1.53E-06  5.59E-07  6.09E-07  3.04E-04  2.13E-06  5.27E-07  7.72E-07  5.92E-07  3.77E-06  1.40E-06  5.25E-07  5.25E-07  5.25E-07  5.25E-07  4.93E-06  6.11E-08  1.97E-07  6.10E-08  2.30E-07  5.43E-07  2.46E-06  
Liver                      3.78E-06  2.21E-08  7.37E-07  6.96E-06  2.20E-07  1.06E-06  1.31E-06  1.71E-06  1.83E-06  1.99E-06  2.59E-06  7.28E-05  1.73E-06  7.17E-07  3.99E-07  3.18E-06  8.76E-07  4.97E-07  4.97E-07  4.97E-07  4.97E-07  6.97E-07  4.02E-08  5.78E-07  1.22E-07  1.70E-07  3.39E-07  2.66E-06  
Lungs                      2.32E-06  1.29E-07  2.32E-06  6.55E-07  8.48E-08  1.87E-07  1.06E-06  2.32E-07  4.22E-06  4.01E-06  6.78E-07  1.84E-06  1.26E-04  9.08E-07  1.02E-07  1.64E-06  1.18E-06  7.38E-07  7.38E-07  7.38E-07  7.38E-07  1.52E-06  1.37E-08  2.74E-06  8.86E-07  2.56E-08  7.85E-08  2.56E-06  
Muscle                     8.81E-07  1.96E-07  3.76E-07  8.65E-07  9.14E-07  8.33E-07  7.51E-07  8.00E-07  6.53E-07  7.02E-07  7.67E-07  5.88E-07  7.02E-07  3.66E-06  1.08E-06  9.30E-07  7.35E-07  6.20E-07  6.20E-07  6.20E-07  6.20E-07  8.00E-07  8.16E-07  8.32E-07  8.97E-07  9.79E-07  1.06E-06  2.31E-06  
Ovaries                    2.77E-07  9.45E-10  4.61E-08  8.00E-07  9.30E-06  6.36E-06  5.06E-07  5.38E-06  8.05E-08  9.50E-08  5.88E-07  3.27E-07  7.86E-08  1.08E-06  9.20E-03  3.27E-07  1.58E-06  5.05E-07  5.05E-07  5.05E-07  5.05E-07  2.77E-07  0.00E000  3.78E-08  8.12E-09  3.58E-06  1.03E-05  2.62E-06  
Pancreas                   6.08E-06  1.19E-08  4.48E-07  4.05E-06  3.12E-07  8.79E-07  7.03E-06  9.61E-07  1.49E-06  2.03E-06  3.11E-06  2.16E-06  1.05E-06  7.72E-07  2.71E-07  7.01E-04  9.87E-07  4.46E-07  4.46E-07  4.46E-07  4.46E-07  7.84E-06  3.95E-08  3.79E-07  7.62E-08  1.28E-07  2.71E-07  2.42E-06  
Red Marrow                 1.96E-06  7.18E-07  5.07E-07  8.16E-07  1.63E-06  1.35E-06  6.52E-07  1.16E-06  9.13E-07  9.13E-07  1.39E-06  7.18E-07  9.13E-07  7.35E-07  1.58E-06  1.19E-06  3.55E-05  1.63E-06  2.13E-05  1.63E-06  1.95E-05  7.51E-07  2.77E-07  6.86E-07  6.36E-07  6.36E-07  1.09E-06  1.95E-06  
Osteogenic Cells           1.09E-06  1.24E-06  3.60E-07  4.08E-07  6.86E-07  5.38E-07  3.91E-07  4.73E-07  6.03E-07  6.03E-07  6.36E-07  4.89E-07  6.85E-07  7.51E-07  6.03E-07  6.52E-07  2.15E-05  2.32E-05  2.67E-05  1.63E-05  2.19E-05  4.90E-07  4.24E-07  4.90E-07  7.83E-07  3.75E-07  4.56E-07  3.47E-06  
Skin                       3.27E-07  3.93E-07  6.86E-07  2.78E-07  3.11E-07  2.78E-07  3.27E-07  2.78E-07  3.27E-07  3.27E-07  3.76E-07  3.28E-07  3.59E-07  5.23E-07  2.78E-07  2.78E-07  4.08E-07  4.90E-07  4.90E-07  4.90E-07  4.90E-07  3.43E-07  8.98E-07  4.25E-07  3.93E-07  3.44E-07  2.78E-07  2.05E-06  
Spleen                     3.48E-06  2.11E-08  4.53E-07  9.09E-07  5.06E-07  8.37E-07  5.74E-06  7.67E-07  8.89E-07  1.22E-06  5.23E-06  6.11E-07  1.26E-06  8.54E-07  2.96E-07  1.01E-05  8.02E-07  4.36E-07  4.36E-07  4.36E-07  4.36E-07  5.48E-04  4.39E-08  2.98E-07  9.61E-08  1.40E-07  2.80E-07  2.52E-06  
Testes                     3.42E-08  1.78E-10  0.00E000  1.04E-07  1.27E-06  2.73E-07  6.15E-08  2.21E-07  1.49E-08  1.70E-08  6.31E-08  3.43E-08  1.10E-08  8.49E-07  0.00E000  4.95E-08  2.89E-07  3.74E-07  3.74E-07  3.74E-07  3.74E-07  4.28E-08  2.31E-03  7.25E-09  1.55E-09  2.72E-06  0.00E000  2.34E-06  
Thymus                     8.27E-07  1.74E-07  3.73E-06  2.68E-07  6.18E-08  1.05E-07  6.16E-07  1.34E-07  1.01E-05  8.27E-06  3.21E-07  7.75E-07  3.47E-06  1.36E-06  6.18E-08  7.46E-07  1.12E-06  6.67E-07  6.67E-07  6.67E-07  6.67E-07  4.56E-07  1.14E-08  8.18E-03  1.87E-06  3.24E-08  5.91E-08  2.91E-06  
Thyroid                    6.42E-08  7.98E-07  2.06E-07  3.33E-08  5.67E-09  6.82E-09  3.45E-08  1.38E-08  2.62E-07  2.62E-07  4.23E-08  6.97E-08  4.79E-07  6.27E-07  5.67E-09  6.41E-08  4.44E-07  4.56E-07  4.56E-07  4.56E-07  4.56E-07  6.28E-08  1.04E-09  8.01E-07  2.38E-03  2.91E-09  5.33E-09  2.12E-06  
Urinary Bladder Wall       1.07E-07  4.77E-10  2.96E-08  4.57E-07  3.26E-06  1.48E-06  2.13E-07  1.21E-06  4.11E-08  2.80E-08  2.13E-07  1.47E-07  2.80E-08  1.04E-06  3.74E-06  1.63E-07  6.68E-07  3.26E-07  3.26E-07  3.26E-07  3.26E-07  1.23E-07  2.61E-06  1.98E-08  4.17E-09  2.27E-04  8.97E-06  2.55E-06  
Uterus                     2.28E-07  8.62E-10  5.42E-08  8.81E-07  3.58E-06  5.54E-06  4.10E-07  2.61E-06  7.72E-08  9.01E-08  5.40E-07  2.78E-07  6.07E-08  1.06E-06  1.03E-05  3.27E-07  1.09E-06  3.91E-07  3.91E-07  3.91E-07  3.91E-07  2.62E-07  0.00E000  3.62E-08  7.63E-09  8.47E-06  1.11E-03  2.63E-06  
Total Body                 2.79E-06  2.37E-06  2.27E-06  1.34E-06  2.07E-06  2.42E-06  1.46E-06  1.88E-06  1.39E-06  2.75E-06  2.70E-06  2.70E-06  2.54E-06  2.52E-06  2.91E-06  2.89E-06  2.62E-06  2.52E-06  2.52E-06  2.52E-06  2.52E-06  2.70E-06  2.52E-06  2.60E-06  2.60E-06  1.23E-06  2.93E-06  2.52E-06  

   
 OLINDA - Organ Level INternal Dose Assessment Code

Dose Conversion Factors (mGy/MBq-s), Nuclide: N-13 (9.97E00 min), 15-year-old

                           Adrenals  Brain     Breasts   GB Cont   LLI Cont  SI Cont   StomCont  ULI Cont  HeartCon  Hrt Wall  Kidneys   Liver     Lungs     Muscle    Ovaries   Pancreas  Red Mar.  CortBoneS TrabBoneS CortBoneV TrabBoneV Spleen    Testes    Thymus    Thyroid   UB Cont   Uterus    TotBody
Adrenals                   7.68E-03  2.15E-08  5.07E-07  2.93E-06  3.26E-07  8.01E-07  2.29E-06  9.00E-07  2.12E-06  2.29E-06  6.86E-06  3.75E-06  2.12E-06  1.09E-06  3.59E-07  8.31E-06  2.28E-06  1.19E-06  1.19E-06  1.19E-06  1.19E-06  4.41E-06  5.42E-08  4.58E-07  1.36E-07  1.60E-07  2.94E-07  1.24E-06  
Brain                      2.28E-08  8.15E-05  7.14E-08  1.12E-08  1.78E-09  3.36E-09  2.45E-08  3.89E-09  7.32E-08  6.96E-08  1.00E-08  2.80E-08  1.34E-07  2.60E-07  1.95E-09  2.61E-08  9.50E-07  1.21E-06  1.21E-06  1.21E-06  1.21E-06  3.49E-08  4.16E-10  1.63E-07  1.26E-06  1.00E-09  1.74E-09  2.80E-06  
Breasts                    5.07E-07  6.74E-08  2.52E-04  3.92E-07  6.25E-08  1.41E-07  6.86E-07  1.35E-07  2.45E-06  2.77E-06  2.45E-07  7.52E-07  1.96E-06  4.74E-07  5.43E-08  6.54E-07  5.39E-07  3.76E-07  3.76E-07  3.76E-07  3.76E-07  4.58E-07  0.00E000  2.61E-06  3.93E-07  4.60E-08  6.73E-08  2.67E-06  
Gallbladder Wall           2.77E-06  8.30E-09  4.42E-07  8.88E-04  6.69E-07  4.22E-06  2.77E-06  6.84E-06  1.01E-06  1.21E-06  3.10E-06  6.86E-06  7.01E-07  9.79E-07  9.80E-07  7.02E-06  9.13E-07  4.40E-07  4.40E-07  4.40E-07  4.40E-07  1.29E-06  1.49E-07  3.43E-07  7.71E-08  4.58E-07  1.15E-06  3.16E-06  
LLI Wall                   2.29E-07  1.46E-09  6.72E-08  5.71E-07  3.93E-04  5.53E-06  8.67E-07  2.12E-06  1.05E-07  1.25E-07  5.39E-07  2.29E-07  1.02E-07  1.06E-06  1.13E-05  4.90E-07  2.12E-06  7.19E-07  7.19E-07  7.19E-07  7.19E-07  5.21E-07  2.12E-06  4.60E-08  1.21E-08  5.04E-06  3.91E-06  3.06E-06  
Small Intestine            8.01E-07  3.17E-09  1.41E-07  3.91E-06  6.20E-06  1.33E-04  1.95E-06  1.08E-05  2.61E-07  2.78E-07  1.96E-06  1.08E-06  1.97E-07  1.03E-06  7.83E-06  1.29E-06  1.63E-06  5.55E-07  5.55E-07  5.55E-07  5.55E-07  1.06E-06  4.09E-07  9.35E-08  1.98E-08  2.12E-06  7.01E-06  3.26E-06  
Stomach Wall               2.28E-06  1.13E-08  6.53E-07  2.93E-06  1.19E-06  1.96E-06  2.35E-04  2.77E-06  1.79E-06  2.60E-06  1.96E-06  1.40E-06  1.26E-06  9.48E-07  6.70E-07  1.09E-05  6.70E-07  4.09E-07  4.09E-07  4.09E-07  4.09E-07  6.19E-06  1.05E-07  4.57E-07  1.08E-07  2.45E-07  5.57E-07  3.08E-06  
ULI Wall                   9.63E-07  3.67E-09  1.80E-07  6.53E-06  2.77E-06  1.21E-05  2.29E-06  2.51E-04  2.94E-07  3.44E-07  1.95E-06  1.63E-06  2.45E-07  9.15E-07  7.51E-06  1.41E-06  1.27E-06  4.58E-07  4.58E-07  4.58E-07  4.58E-07  1.08E-06  3.28E-07  8.70E-08  3.13E-08  1.58E-06  3.59E-06  3.16E-06  
Heart Wall                 2.56E-06  7.35E-08  3.10E-06  1.20E-06  1.43E-07  3.11E-07  2.55E-06  4.02E-07  1.42E-04  4.31E-04  8.58E-07  2.55E-06  4.56E-06  1.00E-06  1.54E-07  3.28E-06  9.84E-07  6.20E-07  6.20E-07  6.20E-07  6.20E-07  1.59E-06  3.31E-08  6.21E-06  4.94E-07  5.87E-08  1.41E-07  3.29E-06  
Kidneys                    7.08E-06  9.76E-09  2.53E-07  3.20E-06  7.25E-07  2.02E-06  2.19E-06  1.85E-06  7.42E-07  7.93E-07  3.79E-04  2.69E-06  7.92E-07  9.78E-07  8.43E-07  4.38E-06  1.68E-06  7.41E-07  7.41E-07  7.41E-07  7.41E-07  6.23E-06  9.49E-08  2.54E-07  8.46E-08  3.21E-07  6.42E-07  3.12E-06  
Liver                      4.15E-06  2.92E-08  8.31E-07  7.76E-06  2.90E-07  1.19E-06  1.68E-06  1.98E-06  2.17E-06  2.52E-06  2.88E-06  8.51E-05  1.99E-06  8.30E-07  4.70E-07  3.61E-06  9.02E-07  5.77E-07  5.77E-07  5.77E-07  5.77E-07  9.73E-07  6.18E-08  7.04E-07  1.56E-07  1.99E-07  4.88E-07  3.22E-06  
Lungs                      2.14E-06  1.27E-07  1.98E-06  7.23E-07  8.96E-08  1.98E-07  1.17E-06  2.80E-07  4.27E-06  4.11E-06  7.73E-07  1.81E-06  1.33E-04  9.37E-07  1.02E-07  1.65E-06  1.05E-06  7.23E-07  7.23E-07  7.23E-07  7.23E-07  1.60E-06  2.15E-08  2.63E-06  8.40E-07  4.98E-08  8.92E-08  2.97E-06  
Muscle                     1.09E-06  2.45E-07  4.74E-07  1.08E-06  1.14E-06  1.03E-06  9.47E-07  9.95E-07  8.49E-07  8.98E-07  9.47E-07  7.51E-07  9.30E-07  6.08E-06  1.29E-06  1.18E-06  9.14E-07  7.67E-07  7.67E-07  7.67E-07  7.67E-07  1.01E-06  1.03E-06  1.03E-06  1.17E-06  1.19E-06  1.29E-06  2.88E-06  
Ovaries                    3.59E-07  1.84E-09  5.43E-08  1.21E-06  1.32E-05  7.83E-06  6.53E-07  6.70E-06  1.21E-06  1.37E-07  8.16E-07  4.26E-07  1.02E-07  1.29E-06  7.71E-03  6.05E-07  1.96E-06  6.36E-07  6.36E-07  6.36E-07  6.36E-07  4.73E-07  0.00E000  5.58E-08  1.47E-08  4.72E-06  1.40E-05  3.27E-06  
Pancreas                   6.15E-06  1.83E-08  4.84E-07  4.22E-06  3.98E-07  9.54E-07  7.59E-06  1.15E-06  1.81E-06  2.17E-06  3.14E-06  2.41E-06  1.21E-06  8.69E-07  4.47E-07  8.55E-04  9.16E-07  4.82E-07  4.82E-07  4.82E-07  4.82E-07  8.21E-06  5.70E-08  4.58E-07  8.98E-08  1.33E-07  3.50E-07  2.93E-06  
Red Marrow                 2.28E-06  8.97E-07  5.39E-07  9.14E-07  1.96E-06  1.63E-06  7.17E-07  1.34E-06  9.30E-07  9.30E-07  1.63E-06  8.16E-07  1.04E-06  9.14E-07  1.96E-06  1.24E-06  3.92E-05  1.96E-06  2.51E-05  1.96E-06  2.51E-05  8.96E-07  4.25E-07  7.67E-07  7.34E-07  8.63E-07  1.35E-06  2.44E-06  
Osteogenic Cells           1.42E-06  1.39E-06  4.57E-07  5.06E-07  8.63E-07  6.69E-07  4.89E-07  5.88E-07  7.18E-07  7.18E-07  8.64E-07  6.36E-07  8.64E-07  9.14E-07  7.51E-07  7.82E-07  2.82E-05  2.09E-05  2.84E-05  2.09E-05  2.84E-05  6.68E-07  5.23E-07  6.20E-07  8.48E-07  4.89E-07  5.71E-07  3.77E-06  
Skin                       3.92E-07  4.74E-07  8.16E-07  3.43E-07  3.76E-07  3.43E-07  4.24E-07  3.59E-07  3.92E-07  4.08E-07  4.41E-07  4.09E-07  4.57E-07  6.05E-07  3.28E-07  3.28E-07  4.91E-07  5.72E-07  5.72E-07  5.72E-07  5.72E-07  4.08E-07  1.09E-06  5.23E-07  4.73E-07  4.09E-07  3.59E-07  2.54E-06  
Spleen                     3.87E-06  2.89E-08  4.02E-07  1.19E-06  5.02E-07  9.31E-07  4.87E-06  8.74E-07  9.73E-07  1.25E-06  5.30E-06  7.73E-07  1.39E-06  8.88E-07  4.15E-07  9.75E-06  7.87E-07  4.87E-07  4.87E-07  4.87E-07  4.87E-07  6.05E-04  6.05E-08  3.30E-07  1.25E-07  1.72E-07  3.58E-07  2.95E-06  
Testes                     4.98E-08  3.61E-10  0.00E000  1.41E-07  1.19E-06  3.76E-07  5.59E-08  2.71E-07  2.42E-08  2.72E-08  8.45E-08  5.14E-08  1.96E-08  9.45E-07  0.00E000  7.08E-08  3.90E-07  4.05E-07  4.05E-07  4.05E-07  4.05E-07  6.33E-08  4.72E-03  1.14E-08  3.07E-09  3.60E-06  0.00E000  2.81E-06  
Thymus                     7.02E-07  2.37E-07  4.01E-06  5.52E-07  8.57E-08  1.44E-07  6.54E-07  1.69E-07  1.05E-05  8.53E-06  3.77E-07  9.78E-07  4.00E-06  1.58E-06  8.57E-08  9.51E-07  1.18E-06  8.02E-07  8.02E-07  8.02E-07  8.02E-07  5.77E-07  1.91E-08  5.54E-03  2.76E-06  4.80E-08  8.07E-08  3.59E-06  
Thyroid                    7.91E-08  6.93E-07  2.29E-07  4.66E-08  8.44E-09  1.15E-08  6.27E-08  1.91E-08  2.86E-07  2.57E-07  4.76E-08  8.18E-08  4.84E-07  6.83E-07  8.54E-09  7.06E-08  4.17E-07  4.17E-07  4.17E-07  4.17E-07  4.17E-07  8.25E-08  1.94E-09  1.04E-06  2.99E-03  4.72E-09  8.07E-09  2.56E-06  
Urinary Bladder Wall       1.52E-07  9.45E-10  4.60E-08  5.06E-07  3.75E-06  1.96E-06  2.78E-07  1.54E-06  7.54E-08  7.55E-08  2.94E-07  2.13E-07  5.25E-08  1.11E-06  5.05E-06  2.13E-07  7.32E-07  3.75E-07  3.75E-07  3.75E-07  3.75E-07  1.96E-07  3.42E-06  3.13E-08  8.12E-09  2.95E-04  1.06E-05  3.04E-06  
Uterus                     2.94E-07  1.64E-09  6.73E-08  9.81E-07  4.56E-06  7.01E-06  6.21E-07  3.42E-06  1.23E-07  1.26E-07  6.22E-07  4.42E-07  8.85E-08  1.29E-06  1.40E-05  4.73E-07  1.35E-06  4.73E-07  4.73E-07  4.73E-07  4.73E-07  4.08E-07  0.00E000  5.26E-08  1.39E-08  9.95E-06  1.11E-03  3.29E-06  
Total Body                 3.49E-06  2.96E-06  2.86E-06  1.65E-06  2.56E-06  3.02E-06  1.81E-06  2.33E-06  1.75E-06  3.45E-06  3.37E-06  3.39E-06  3.22E-06  3.12E-06  3.61E-06  3.61E-06  3.26E-06  3.10E-06  3.10E-06  3.10E-06  3.10E-06  3.39E-06  3.12E-06  3.28E-06  3.28E-06  1.48E-06  3.63E-06  3.12E-06  

   
   
 OLINDA - Organ Level INternal Dose Assessment Code

Dose Conversion Factors (mGy/MBq-s), Nuclide: N-13 (9.97E00 min), 10-year-old

                           Adrenals  Brain     Breasts   GB Cont   LLI Cont  SI Cont   StomCont  ULI Cont  HeartCon  Hrt Wall  Kidneys   Liver     Lungs     Muscle    Ovaries   Pancreas  Red Mar.  CortBoneS TrabBoneS CortBoneV TrabBoneV Spleen    Testes    Thymus    Thyroid   UB Cont   Uterus    TotBody
Adrenals                   1.11E-02  4.92E-08  9.47E-07  3.91E-06  6.20E-07  1.32E-06  3.26E-06  1.30E-06  3.10E-06  3.26E-06  1.09E-05  5.38E-06  3.42E-06  1.58E-06  6.37E-07  1.33E-05  2.77E-06  1.63E-06  1.63E-06  1.63E-06  1.63E-06  7.48E-06  1.31E-07  1.04E-06  2.78E-07  2.46E-07  5.72E-07  1.80E-06  
Brain                      5.44E-08  8.88E-05  1.02E-07  2.73E-08  5.34E-09  1.12E-08  4.36E-08  1.59E-08  1.34E-07  1.25E-07  2.37E-08  5.99E-08  2.17E-07  4.15E-07  5.52E-09  5.63E-08  1.32E-06  1.78E-06  1.78E-06  1.78E-06  1.78E-06  6.73E-08  1.71E-09  2.90E-07  1.52E-06  3.33E-09  5.34E-09  4.79E-06  
Breasts                    9.47E-07  9.21E-08  3.02E-02  8.34E-07  1.80E-07  2.46E-07  1.24E-06  3.60E-07  4.73E-06  5.39E-06  5.88E-07  1.37E-06  3.91E-06  8.34E-07  1.80E-07  1.05E-06  8.50E-07  6.53E-07  6.53E-07  6.53E-07  6.53E-07  8.49E-07  0.00E000  3.59E-06  8.98E-07  1.13E-07  1.80E-07  4.31E-06  
Gallbladder Wall           3.92E-06  1.82E-08  8.82E-07  1.12E-03  1.79E-06  6.35E-06  7.33E-06  9.79E-06  1.95E-06  2.12E-06  3.91E-06  8.49E-06  1.09E-06  1.51E-06  1.79E-06  1.79E-05  1.30E-06  7.01E-07  7.01E-07  7.01E-07  7.01E-07  3.25E-06  3.27E-07  5.72E-07  1.80E-07  8.33E-07  2.13E-06  5.14E-06  
LLI Wall                   5.23E-07  4.33E-09  1.51E-07  1.26E-06  6.82E-04  7.83E-06  1.57E-06  3.74E-06  1.64E-07  1.96E-07  9.31E-07  4.25E-07  1.62E-07  1.57E-06  1.63E-05  7.35E-07  2.77E-06  1.19E-06  1.19E-06  1.19E-06  1.19E-06  9.64E-07  3.26E-06  9.67E-08  3.45E-08  7.18E-06  6.69E-06  5.14E-06  
Small Intestine            1.32E-06  1.01E-08  2.46E-07  6.36E-06  9.46E-06  2.36E-04  2.94E-06  1.63E-05  4.89E-07  5.07E-07  3.10E-06  1.96E-06  4.08E-07  1.57E-06  1.21E-05  2.28E-06  2.12E-06  8.16E-07  8.16E-07  8.16E-07  8.16E-07  1.79E-06  8.01E-07  1.64E-07  8.20E-08  3.26E-06  1.12E-05  5.30E-06  
Stomach Wall               3.27E-06  2.31E-08  1.44E-06  7.01E-06  1.96E-06  3.43E-06  3.38E-04  4.08E-06  2.45E-06  3.75E-06  3.42E-06  2.61E-06  1.79E-06  1.24E-06  1.06E-06  1.52E-05  8.66E-07  7.67E-07  7.67E-07  7.67E-07  7.67E-07  8.17E-06  1.64E-07  6.54E-07  1.96E-07  4.91E-07  1.08E-06  4.96E-06  
ULI Wall                   1.42E-06  9.29E-09  3.27E-07  1.04E-05  4.73E-06  1.80E-05  3.59E-06  4.43E-04  5.72E-07  4.91E-07  2.93E-06  3.10E-06  4.73E-07  1.26E-06  1.13E-05  2.77E-06  1.79E-06  7.53E-07  7.53E-07  7.53E-07  7.53E-07  1.60E-06  7.69E-07  1.59E-07  8.04E-08  2.45E-06  6.03E-06  5.14E-06  
Heart Wall                 3.69E-06  1.28E-07  6.09E-06  2.39E-06  2.96E-07  5.73E-07  3.87E-06  6.65E-07  2.18E-04  6.89E-04  1.39E-06  3.87E-06  6.46E-06  1.44E-06  2.77E-07  5.16E-06  1.27E-06  9.22E-07  9.22E-07  9.22E-07  9.22E-07  2.58E-06  8.71E-08  8.10E-06  1.20E-06  1.39E-07  2.77E-07  5.37E-06  
Kidneys                    1.01E-05  1.99E-08  5.45E-07  4.23E-06  1.10E-06  2.87E-06  2.72E-06  2.57E-06  1.10E-06  1.14E-06  4.58E-04  3.48E-06  1.03E-06  1.27E-06  1.28E-06  6.04E-06  1.96E-06  1.01E-06  1.01E-06  1.01E-06  1.01E-06  8.76E-06  1.67E-07  3.79E-07  1.17E-07  5.30E-07  1.06E-06  4.86E-06  
Liver                      6.28E-06  6.32E-08  1.60E-06  1.12E-05  6.47E-07  2.29E-06  3.23E-06  3.80E-06  3.42E-06  3.99E-06  4.38E-06  1.39E-04  3.04E-06  1.27E-06  1.05E-06  6.27E-06  1.29E-06  8.75E-07  8.75E-07  8.75E-07  8.75E-07  1.62E-06  1.64E-07  9.91E-07  2.86E-07  4.77E-07  9.52E-07  5.25E-06  
Lungs                      3.78E-06  2.17E-07  4.32E-06  1.41E-06  2.17E-07  4.51E-07  1.80E-06  5.05E-07  6.85E-06  6.31E-06  1.23E-06  2.88E-06  2.16E-04  1.44E-06  2.18E-07  2.70E-06  1.48E-06  1.15E-06  1.15E-06  1.15E-06  1.15E-06  2.70E-06  5.99E-08  4.14E-06  1.59E-06  9.43E-08  1.81E-07  4.95E-06  
Muscle                     1.58E-06  3.76E-07  8.34E-07  1.55E-06  1.79E-06  1.57E-06  1.34E-06  1.48E-06  1.19E-06  1.27E-06  1.37E-06  1.09E-06  1.31E-06  1.28E-05  1.96E-06  1.63E-06  1.31E-06  1.11E-06  1.11E-06  1.11E-06  1.11E-06  1.47E-06  1.55E-06  1.47E-06  1.96E-06  1.79E-06  2.12E-06  4.75E-06  
Ovaries                    6.37E-07  5.00E-09  1.80E-07  1.96E-06  1.95E-05  1.21E-05  1.11E-06  9.78E-06  2.13E-07  2.45E-07  1.39E-06  8.99E-07  1.97E-07  1.96E-06  2.52E-02  9.00E-07  2.45E-06  8.97E-07  8.97E-07  8.97E-07  8.97E-07  8.01E-07  0.00E000  1.15E-07  4.11E-08  6.53E-06  1.96E-05  5.30E-06  
Pancreas                   7.43E-06  2.84E-08  5.85E-07  7.73E-06  5.37E-07  1.27E-06  8.54E-06  1.37E-06  1.91E-06  2.55E-06  3.63E-06  3.00E-06  1.37E-06  9.11E-07  5.02E-07  1.20E-03  8.73E-07  5.18E-07  5.18E-07  5.18E-07  5.18E-07  9.11E-06  1.00E-07  3.84E-07  1.46E-07  2.36E-07  5.09E-07  4.43E-06  
Red Marrow                 2.77E-06  1.19E-06  8.50E-07  1.27E-06  2.61E-06  2.12E-06  9.95E-07  1.63E-06  1.17E-06  1.17E-06  2.28E-06  1.11E-06  1.34E-06  1.31E-06  2.45E-06  1.57E-06  6.62E-05  2.93E-06  5.25E-05  2.93E-06  5.25E-05  1.27E-06  6.84E-07  9.79E-07  8.81E-07  1.14E-06  1.63E-06  3.94E-06  
Osteogenic Cells           1.96E-06  1.96E-06  7.84E-07  7.99E-07  1.21E-06  9.95E-07  7.34E-07  8.49E-07  1.03E-06  1.03E-06  1.30E-06  8.98E-07  1.24E-06  1.34E-06  1.09E-06  1.11E-06  4.53E-05  3.38E-05  4.61E-05  3.38E-05  4.61E-05  1.01E-06  7.51E-07  9.30E-07  1.13E-06  7.02E-07  7.83E-07  5.45E-06  
Skin                       6.20E-07  6.71E-07  1.58E-06  5.88E-07  6.20E-07  5.41E-07  6.37E-07  5.24E-07  5.56E-07  6.04E-07  6.69E-07  6.51E-07  6.38E-07  8.65E-07  5.54E-07  5.23E-07  7.68E-07  8.99E-07  8.99E-07  8.99E-07  8.99E-07  6.21E-07  1.57E-06  7.18E-07  6.70E-07  6.38E-07  5.23E-07  4.23E-06  
Spleen                     6.87E-06  5.59E-08  7.80E-07  2.40E-06  9.45E-07  1.65E-06  7.34E-06  1.65E-06  1.50E-06  2.10E-06  8.69E-06  1.28E-06  2.24E-06  1.35E-06  7.36E-07  1.50E-05  1.17E-06  7.78E-07  7.78E-07  7.78E-07  7.78E-07  1.00E-03  1.47E-07  4.80E-07  2.55E-07  2.70E-07  6.45E-07  4.84E-06  
Testes                     7.92E-08  9.35E-10  0.00E000  1.88E-07  1.58E-06  4.84E-07  1.19E-07  3.94E-07  3.97E-08  4.66E-08  1.09E-07  8.53E-08  3.28E-08  9.38E-07  0.00E000  1.09E-07  4.14E-07  3.75E-07  3.75E-07  3.75E-07  3.75E-07  9.71E-08  1.99E-02  2.09E-08  7.70E-09  4.34E-06  0.00E000  4.16E-06  
Thymus                     1.71E-06  4.30E-07  5.87E-06  7.75E-07  1.85E-07  2.69E-07  1.33E-06  2.60E-07  1.28E-05  1.17E-05  6.69E-07  1.39E-06  6.14E-06  2.40E-06  1.88E-07  1.13E-06  1.60E-06  1.25E-06  1.25E-06  1.25E-06  1.25E-06  8.55E-07  5.66E-08  5.52E-03  6.68E-06  1.16E-07  1.82E-07  5.88E-06  
Thyroid                    1.50E-07  7.40E-07  4.84E-07  8.83E-08  2.21E-08  4.42E-08  9.71E-08  4.33E-08  6.15E-07  5.72E-07  6.80E-08  1.33E-07  7.74E-07  1.06E-06  2.22E-08  1.41E-07  4.75E-07  5.01E-07  5.01E-07  5.01E-07  5.01E-07  1.50E-07  6.87E-09  2.20E-06  4.14E-03  1.33E-08  2.13E-08  4.22E-06  
Urinary Bladder Wall       3.10E-07  3.01E-09  1.07E-07  8.81E-07  7.32E-06  2.94E-06  5.87E-07  2.77E-06  1.43E-07  1.64E-07  5.39E-07  4.57E-07  1.16E-07  1.58E-06  6.53E-06  4.41E-07  1.25E-06  6.67E-07  6.67E-07  6.67E-07  6.67E-07  3.76E-07  7.84E-06  7.05E-08  2.63E-08  4.47E-04  1.57E-05  4.96E-06  
Uterus                     5.72E-07  4.83E-09  1.80E-07  2.28E-06  7.02E-06  1.12E-05  1.03E-06  6.03E-06  2.13E-07  2.45E-07  1.15E-06  8.17E-07  1.80E-07  2.12E-06  1.96E-05  9.12E-07  1.63E-06  6.52E-07  6.52E-07  6.52E-07  6.52E-07  7.02E-07  0.00E000  1.11E-07  3.95E-08  1.62E-05  1.93E-02  5.30E-06  
Total Body                 5.60E-06  4.99E-06  4.56E-06  2.57E-06  3.95E-06  4.93E-06  2.86E-06  3.66E-06  2.64E-06  5.60E-06  5.40E-06  5.40E-06  5.17E-06  5.11E-06  5.81E-06  5.81E-06  5.25E-06  5.09E-06  5.09E-06  5.09E-06  5.09E-06  5.40E-06  5.05E-06  5.29E-06  5.40E-06  2.27E-06  5.81E-06  5.13E-06  

   
   
 OLINDA - Organ Level INternal Dose Assessment Code

Dose Conversion Factors (mGy/MBq-s), Nuclide: N-13 (9.97E00 min), 5-year-old

                           Adrenals  Brain     Breasts   GB Cont   LLI Cont  SI Cont   StomCont  ULI Cont  HeartCon  Hrt Wall  Kidneys   Liver     Lungs     Muscle    Ovaries   Pancreas  Red Mar.  CortBoneS TrabBoneS CortBoneV TrabBoneV Spleen    Testes    Thymus    Thyroid   UB Cont   Uterus    TotBody
Adrenals                   1.51E-02  1.10E-07  1.37E-06  6.03E-06  1.11E-06  2.12E-06  4.89E-06  2.29E-06  4.40E-06  4.57E-06  1.79E-05  7.18E-06  5.07E-06  2.45E-06  1.13E-06  1.61E-05  3.59E-06  2.61E-06  2.61E-06  2.61E-06  2.61E-06  9.78E-06  2.62E-07  1.08E-06  5.23E-07  5.87E-07  1.04E-06  2.77E-06  
Brain                      1.16E-07  9.04E-05  1.74E-07  5.40E-08  1.45E-08  2.63E-08  6.62E-08  3.66E-08  2.09E-07  2.26E-07  5.92E-08  9.22E-08  3.46E-07  6.74E-07  1.92E-08  9.22E-08  1.73E-06  2.42E-06  2.42E-06  2.42E-06  2.42E-06  1.08E-07  5.11E-09  4.51E-07  1.71E-06  8.95E-09  1.60E-08  7.67E-06  
Breasts                    1.37E-06  1.65E-07  5.14E-02  1.29E-06  3.43E-07  4.74E-07  2.12E-06  5.55E-07  7.33E-06  7.85E-06  8.82E-07  2.13E-06  5.38E-06  1.29E-06  3.43E-07  1.80E-06  1.10E-06  1.01E-06  1.01E-06  1.01E-06  1.01E-06  1.60E-06  0.00E000  5.55E-06  1.52E-06  2.45E-07  3.43E-07  6.90E-06  
Gallbladder Wall           6.68E-06  3.95E-08  1.45E-06  2.13E-03  2.77E-06  8.95E-06  1.16E-05  1.36E-05  2.77E-06  3.11E-06  6.35E-06  1.40E-05  1.79E-06  1.79E-06  2.77E-06  2.77E-05  1.58E-06  1.08E-06  1.08E-06  1.08E-06  1.08E-06  4.40E-06  5.88E-07  9.47E-07  3.59E-07  1.40E-06  3.25E-06  7.87E-06  
LLI Wall                   7.53E-07  1.11E-08  2.94E-07  2.29E-06  1.14E-03  1.18E-05  2.61E-06  5.54E-06  3.76E-07  3.59E-07  1.50E-06  9.14E-07  3.59E-07  2.45E-06  2.45E-05  1.56E-06  2.93E-06  1.79E-06  1.79E-06  1.79E-06  1.79E-06  1.63E-06  4.90E-06  1.96E-07  8.69E-08  1.04E-05  1.01E-05  8.04E-06  
Small Intestine            2.12E-06  2.48E-08  4.74E-07  9.78E-06  1.42E-05  3.94E-04  4.89E-06  2.45E-05  8.17E-07  8.99E-07  4.73E-06  3.43E-06  7.51E-07  2.45E-06  1.79E-05  3.59E-06  2.61E-06  1.27E-06  1.27E-06  1.27E-06  1.27E-06  2.77E-06  1.36E-06  2.94E-07  1.29E-09  4.89E-06  1.63E-05  8.36E-06  
Stomach Wall               4.57E-06  4.61E-08  2.28E-06  1.27E-05  3.26E-06  5.05E-06  5.83E-04  6.37E-06  3.76E-06  5.55E-06  4.24E-06  4.58E-06  2.61E-06  1.96E-06  2.12E-06  2.12E-05  1.44E-06  9.49E-07  9.49E-07  9.49E-07  9.49E-07  1.16E-05  4.25E-07  1.10E-06  3.75E-07  8.33E-07  1.79E-06  7.88E-06  
ULI Wall                   2.45E-06  2.15E-08  4.58E-07  1.63E-05  7.17E-06  2.77E-05  6.35E-06  7.32E-04  9.96E-07  8.66E-07  3.93E-06  4.92E-06  7.69E-07  2.28E-06  1.63E-05  4.40E-06  2.28E-06  1.14E-06  1.14E-06  1.14E-06  1.14E-06  2.78E-06  1.18E-06  4.42E-07  1.80E-07  3.92E-06  8.65E-06  8.20E-06  
Heart Wall                 4.95E-06  2.31E-07  8.49E-06  3.71E-06  6.02E-07  9.72E-07  5.48E-06  1.15E-06  3.46E-04  1.04E-03  1.77E-06  5.47E-06  9.00E-06  2.12E-06  4.95E-07  6.19E-06  1.52E-06  1.32E-06  1.32E-06  1.32E-06  1.32E-06  3.70E-06  1.74E-07  1.09E-05  1.77E-06  2.48E-07  5.13E-07  8.25E-06  
Kidneys                    1.66E-05  5.19E-08  8.18E-07  5.31E-06  1.82E-06  4.39E-06  3.64E-06  3.64E-06  1.52E-06  1.51E-06  6.77E-04  5.15E-06  1.67E-06  1.97E-06  2.12E-06  8.33E-06  2.57E-06  1.52E-06  1.52E-06  1.52E-06  1.52E-06  1.23E-05  3.04E-07  6.37E-07  2.73E-07  8.92E-07  1.82E-06  7.85E-06  
Liver                      9.19E-06  1.12E-07  2.73E-06  1.75E-05  1.22E-06  4.40E-06  6.07E-06  7.10E-06  5.64E-06  6.47E-06  7.11E-06  2.36E-04  4.81E-06  2.09E-06  1.97E-06  1.07E-05  1.84E-06  1.46E-06  1.46E-06  1.46E-06  1.46E-06  2.93E-06  3.79E-07  1.80E-06  6.28E-07  1.09E-06  2.01E-06  8.77E-06  
Lungs                      6.24E-06  4.03E-07  6.63E-06  2.41E-06  4.03E-07  9.24E-07  3.01E-06  9.86E-07  1.08E-05  1.02E-05  2.21E-06  4.62E-06  3.91E-04  2.41E-06  5.24E-07  4.82E-06  2.21E-06  2.01E-06  2.01E-06  2.01E-06  2.01E-06  4.42E-06  9.70E-08  6.23E-06  3.01E-06  2.22E-07  4.83E-07  8.04E-06  
Muscle                     2.45E-06  6.37E-07  1.29E-06  2.29E-06  2.61E-06  2.45E-06  1.96E-06  2.28E-06  1.80E-06  1.96E-06  2.12E-06  1.63E-06  1.96E-06  4.16E-05  3.10E-06  2.45E-06  1.80E-06  1.63E-06  1.63E-06  1.63E-06  1.63E-06  2.28E-06  2.45E-06  2.28E-06  3.10E-06  2.77E-06  3.26E-06  7.55E-06  
Ovaries                    1.13E-06  1.82E-08  3.43E-07  3.10E-06  2.77E-05  1.79E-05  1.62E-06  1.50E-05  4.57E-07  4.58E-07  2.28E-06  1.54E-06  4.26E-07  3.10E-06  4.50E-02  1.58E-06  2.94E-06  1.34E-06  1.34E-06  1.34E-06  1.34E-06  1.43E-06  0.00E000  2.29E-07  1.03E-07  9.63E-06  2.78E-05  8.36E-06  
Pancreas                   1.14E-05  6.13E-08  1.27E-06  1.61E-05  1.15E-06  2.52E-06  1.38E-05  2.87E-06  3.67E-06  4.02E-06  6.31E-06  5.85E-06  2.75E-06  1.72E-06  1.11E-06  2.11E-03  1.38E-06  9.87E-07  9.87E-07  9.87E-07  9.87E-07  1.61E-05  2.53E-07  1.03E-06  3.56E-07  5.74E-07  1.14E-06  7.49E-06  
Red Marrow                 3.59E-06  1.63E-06  1.09E-06  1.61E-06  3.26E-06  2.61E-06  1.27E-06  2.12E-06  1.47E-06  1.47E-06  2.77E-06  1.44E-06  1.79E-06  1.80E-06  2.94E-06  1.96E-06  1.33E-04  4.24E-06  1.18E-04  4.24E-06  1.18E-04  1.63E-06  9.15E-07  1.22E-06  1.19E-06  1.40E-06  2.12E-06  6.67E-06  
Osteogenic Cells           3.26E-06  2.77E-06  1.21E-06  1.22E-06  1.79E-06  1.53E-06  1.16E-06  1.34E-06  1.53E-06  1.53E-06  1.96E-06  1.37E-06  1.96E-06  1.96E-06  1.60E-06  1.63E-06  7.61E-05  5.62E-05  7.74E-05  5.62E-05  7.74E-05  1.57E-06  1.13E-06  1.39E-06  1.63E-06  1.05E-06  1.26E-06  8.19E-06  
Skin                       9.63E-07  9.97E-07  2.28E-06  8.17E-07  9.65E-07  8.48E-07  9.80E-07  9.16E-07  9.31E-07  9.17E-07  1.05E-06  9.47E-07  1.09E-06  1.39E-06  8.51E-07  8.51E-07  1.37E-06  1.31E-06  1.31E-06  1.31E-06  1.31E-06  9.78E-07  2.45E-06  1.16E-06  9.15E-07  1.11E-06  9.31E-07  6.81E-06  
Spleen                     9.97E-06  1.04E-07  1.63E-06  4.98E-06  1.83E-06  2.83E-06  1.11E-05  2.50E-06  2.67E-06  3.49E-06  1.35E-05  2.33E-06  3.66E-06  2.33E-06  1.46E-06  2.33E-05  1.67E-06  1.33E-06  1.33E-06  1.33E-06  1.33E-06  1.84E-03  3.00E-07  1.03E-06  4.49E-07  5.35E-07  1.03E-06  8.09E-06  
Testes                     1.76E-07  3.25E-09  0.00E000  4.17E-07  2.64E-06  9.10E-07  2.21E-07  7.57E-07  1.01E-07  1.08E-07  2.20E-07  1.99E-07  5.41E-08  1.64E-06  0.00E000  2.42E-07  6.15E-07  6.36E-07  6.36E-07  6.36E-07  6.36E-07  1.98E-07  2.68E-02  5.51E-08  2.54E-08  7.56E-06  0.00E000  6.74E-06  
Thymus                     1.40E-06  5.53E-07  7.20E-06  9.12E-07  2.97E-07  3.82E-07  1.44E-06  5.51E-07  1.44E-05  1.31E-05  8.90E-07  1.82E-06  6.56E-06  2.96E-06  2.97E-07  1.90E-06  1.59E-06  1.50E-06  1.50E-06  1.50E-06  1.50E-06  1.31E-06  1.06E-07  4.17E-03  1.14E-05  1.97E-07  2.97E-07  8.39E-06  
Thyroid                    2.76E-07  8.54E-07  8.02E-07  1.81E-07  5.19E-08  6.82E-10  1.90E-07  9.50E-08  1.03E-06  8.64E-07  1.55E-07  2.59E-07  1.29E-06  1.64E-06  5.45E-08  2.67E-07  6.28E-07  7.14E-07  7.14E-07  7.14E-07  7.14E-07  2.33E-07  2.00E-08  4.64E-06  9.03E-03  3.64E-08  5.28E-08  6.80E-06  
Urinary Bladder Wall       5.55E-07  8.63E-09  2.45E-07  1.62E-06  9.77E-06  5.07E-06  9.63E-07  3.90E-06  2.94E-07  3.11E-07  9.47E-07  9.44E-07  2.45E-07  2.78E-06  1.04E-05  7.67E-07  1.31E-06  1.06E-06  1.06E-06  1.06E-06  1.06E-06  6.37E-07  1.26E-05  1.52E-07  6.89E-08  6.96E-04  2.61E-05  8.04E-06  
Uterus                     1.04E-06  1.51E-08  3.43E-07  3.74E-06  1.16E-05  1.63E-05  1.80E-06  9.12E-06  4.26E-07  4.74E-07  1.96E-06  1.57E-06  3.92E-07  3.26E-06  2.78E-05  1.63E-06  2.12E-06  1.04E-06  1.04E-06  1.04E-06  1.04E-06  1.01E-06  0.00E000  2.29E-07  1.00E-07  2.44E-05  2.93E-02  8.36E-06  
Total Body                 8.84E-06  8.04E-06  7.22E-06  4.13E-06  6.08E-06  7.54E-06  4.39E-06  5.60E-06  4.08E-06  8.64E-06  8.44E-06  8.64E-06  8.04E-06  8.04E-06  9.04E-06  9.04E-06  8.04E-06  7.84E-06  7.84E-06  7.84E-06  7.84E-06  8.64E-06  7.84E-06  8.24E-06  8.64E-06  3.42E-06  9.04E-06  8.04E-06  

   
   
 OLINDA - Organ Level INternal Dose Assessment Code

Dose Conversion Factors (mGy/MBq-s), Nuclide: N-13 (9.97E00 min), 1-year-old

                           Adrenals  Brain     Breasts   GB Cont   LLI Cont  SI Cont   StomCont  ULI Cont  HeartCon  Hrt Wall  Kidneys   Liver     Lungs     Muscle    Ovaries   Pancreas  Red Mar.  CortBoneS TrabBoneS CortBoneV TrabBoneV Spleen    Testes    Thymus    Thyroid   UB Cont   Uterus    TotBody
Adrenals                   2.24E-02  1.80E-07  2.12E-06  9.27E-06  1.96E-06  4.08E-06  7.47E-06  4.40E-06  6.20E-06  6.05E-06  2.94E-05  1.06E-05  9.29E-06  4.24E-06  2.12E-06  2.45E-05  5.38E-06  5.23E-06  5.23E-06  5.23E-06  5.23E-06  1.59E-05  5.88E-07  1.79E-06  1.06E-06  1.13E-06  1.96E-06  4.73E-06  
Brain                      1.78E-07  1.13E-04  2.93E-07  1.01E-07  3.75E-08  6.67E-08  1.17E-07  6.50E-08  3.88E-07  3.24E-07  1.38E-07  1.79E-07  5.50E-07  1.26E-06  4.06E-08  1.62E-07  4.03E-06  3.06E-06  3.06E-06  3.06E-06  3.06E-06  2.11E-07  1.62E-08  7.93E-07  2.09E-06  2.61E-08  4.23E-08  1.38E-05  
Breasts                    2.12E-06  2.97E-07  1.04E-01  2.45E-06  7.35E-07  9.16E-07  3.76E-06  1.08E-06  1.19E-05  1.39E-05  1.24E-06  4.08E-06  7.83E-06  2.45E-06  7.35E-07  3.28E-06  1.80E-06  1.96E-06  1.96E-06  1.96E-06  1.96E-06  2.29E-06  0.00E000  8.80E-06  2.77E-06  5.56E-07  7.35E-07  1.29E-05  
Gallbladder Wall           7.51E-06  8.38E-08  2.61E-06  8.27E-03  4.24E-06  1.63E-05  1.58E-05  2.76E-05  4.41E-06  6.52E-06  7.02E-06  2.93E-05  3.10E-06  3.91E-06  4.26E-06  3.74E-05  2.12E-06  2.12E-06  2.12E-06  2.12E-06  2.12E-06  6.20E-06  1.24E-06  1.58E-06  7.51E-07  2.77E-06  5.23E-06  1.42E-05  
LLI Wall                   1.80E-06  3.13E-08  6.53E-07  4.24E-06  2.23E-03  1.96E-05  4.09E-06  1.14E-05  7.84E-07  7.71E-07  2.45E-06  1.80E-06  8.48E-07  3.91E-06  3.91E-05  2.45E-06  3.74E-06  3.10E-06  3.10E-06  3.10E-06  3.10E-06  2.78E-06  9.97E-06  4.24E-07  2.29E-07  1.58E-05  1.52E-05  1.45E-05  
Small Intestine            4.08E-06  6.75E-08  9.16E-07  1.63E-05  2.44E-05  7.75E-04  8.16E-06  3.91E-05  1.62E-06  1.80E-06  7.67E-06  6.36E-06  1.40E-06  4.24E-06  3.10E-05  6.37E-06  3.10E-06  2.45E-06  2.45E-06  2.45E-06  2.45E-06  4.90E-06  2.77E-06  5.91E-07  2.62E-07  8.64E-06  2.93E-05  1.53E-05  
Stomach Wall               6.84E-06  9.86E-08  3.76E-06  1.96E-05  5.55E-06  9.14E-06  1.18E-03  1.12E-05  6.68E-06  9.47E-06  6.35E-06  1.04E-05  4.24E-06  3.26E-06  3.42E-06  3.10E-05  1.79E-06  1.80E-06  1.80E-06  1.80E-06  1.80E-06  1.63E-05  7.21E-07  1.96E-06  9.97E-07  1.96E-06  3.76E-06  1.43E-05  
ULI Wall                   4.08E-06  5.43E-08  1.11E-06  2.77E-05  1.14E-05  4.40E-05  1.04E-05  1.45E-03  1.96E-06  2.12E-06  6.52E-06  1.01E-05  1.79E-06  3.59E-06  2.93E-05  7.51E-06  2.94E-06  2.12E-06  2.12E-06  2.12E-06  2.12E-06  4.89E-06  2.45E-06  7.33E-07  4.09E-07  6.21E-06  1.56E-05  1.48E-05  
Heart Wall                 6.92E-06  3.75E-07  1.59E-05  6.90E-06  1.18E-06  2.06E-06  1.03E-05  2.42E-06  6.25E-04  2.03E-03  3.18E-06  9.70E-06  1.53E-05  3.92E-06  1.23E-06  1.23E-05  2.42E-06  2.61E-06  2.61E-06  2.61E-06  2.61E-06  6.15E-06  4.12E-07  1.81E-05  4.10E-06  6.55E-07  1.08E-06  1.53E-05  
Kidneys                    2.68E-05  1.27E-07  1.13E-06  8.33E-06  2.54E-06  7.00E-06  4.93E-06  5.39E-06  2.68E-06  2.54E-06  1.20E-03  7.31E-06  3.14E-06  3.43E-06  3.72E-06  1.27E-05  3.43E-06  3.28E-06  3.28E-06  3.28E-06  3.28E-06  1.93E-05  7.15E-07  9.14E-07  5.23E-07  1.36E-06  2.99E-06  1.43E-05  
Liver                      1.32E-05  2.25E-07  5.06E-06  3.04E-05  2.23E-06  7.90E-06  1.07E-05  1.19E-05  9.92E-06  1.05E-05  9.94E-06  4.34E-04  8.31E-06  3.85E-06  3.85E-06  1.74E-05  2.84E-06  2.84E-06  2.84E-06  2.84E-06  2.84E-06  5.07E-06  8.54E-07  2.84E-06  1.30E-06  1.97E-06  3.64E-06  1.57E-05  
Lungs                      1.04E-05  6.24E-07  8.77E-06  3.84E-06  9.52E-07  1.57E-06  4.93E-06  1.83E-06  1.59E-05  1.50E-05  3.85E-06  7.50E-06  6.82E-04  4.02E-06  9.50E-07  7.31E-06  3.29E-06  3.65E-06  3.65E-06  3.65E-06  3.65E-06  7.49E-06  2.93E-07  8.05E-06  4.21E-06  5.67E-07  9.52E-07  1.45E-05  
Muscle                     4.24E-06  1.27E-06  2.45E-06  4.24E-06  4.57E-06  4.24E-06  3.75E-06  4.08E-06  3.26E-06  3.43E-06  3.75E-06  3.10E-06  3.59E-06  8.27E-05  5.22E-06  4.57E-06  2.94E-06  3.10E-06  3.10E-06  3.10E-06  3.10E-06  3.91E-06  4.08E-06  3.91E-06  5.55E-06  4.57E-06  5.38E-06  1.40E-05  
Ovaries                    2.12E-06  4.12E-08  7.35E-07  5.54E-06  4.88E-05  3.10E-05  3.26E-06  2.44E-05  8.17E-07  1.08E-06  4.07E-06  3.10E-06  8.48E-07  5.22E-06  1.07E-01  2.94E-06  3.59E-06  2.77E-06  2.77E-06  2.77E-06  2.77E-06  2.29E-06  0.00E000  4.90E-07  2.78E-07  1.57E-05  5.06E-05  1.53E-05  
Pancreas                   1.90E-05  1.28E-07  2.54E-06  2.41E-05  2.28E-06  4.95E-06  2.53E-05  5.32E-06  6.34E-06  8.34E-06  1.08E-05  1.09E-05  5.07E-06  3.55E-06  2.28E-06  5.46E-03  2.16E-06  2.16E-06  2.16E-06  2.16E-06  2.16E-06  2.92E-05  5.96E-07  2.29E-06  7.62E-07  1.27E-06  2.16E-06  1.42E-05  
Red Marrow                 5.54E-06  4.08E-06  1.80E-06  2.12E-06  3.75E-06  3.26E-06  1.96E-06  2.61E-06  2.12E-06  2.12E-06  3.75E-06  2.28E-06  2.93E-06  2.94E-06  3.75E-06  2.77E-06  3.22E-04  7.34E-06  3.00E-04  7.34E-06  3.00E-04  2.61E-06  1.39E-06  1.96E-06  1.96E-06  1.79E-06  2.61E-06  1.74E-05  
Osteogenic Cells           6.37E-06  3.75E-06  2.45E-06  2.28E-06  3.59E-06  3.10E-06  2.29E-06  2.61E-06  2.94E-06  2.94E-06  4.24E-06  2.78E-06  3.91E-06  3.59E-06  3.26E-06  3.42E-06  1.82E-04  1.32E-04  1.85E-04  1.32E-04  1.85E-04  3.26E-06  2.28E-06  2.61E-06  2.29E-06  2.12E-06  2.61E-06  1.70E-05  
Skin                       1.64E-06  1.96E-06  4.24E-06  1.63E-06  1.80E-06  1.62E-06  1.80E-06  1.60E-06  1.63E-06  1.96E-06  1.96E-06  1.80E-06  1.80E-06  2.45E-06  1.63E-06  1.55E-06  2.45E-06  2.45E-06  2.45E-06  2.45E-06  2.45E-06  1.80E-06  4.25E-06  2.12E-06  1.80E-06  1.96E-06  1.49E-06  1.27E-05  
Spleen                     1.57E-05  2.12E-07  2.27E-06  7.25E-06  3.07E-06  4.85E-06  1.58E-05  4.52E-06  4.05E-06  5.33E-06  2.10E-05  4.04E-06  6.62E-06  3.88E-06  2.27E-06  3.72E-05  2.59E-06  2.75E-06  2.75E-06  2.75E-06  2.75E-06  3.28E-03  6.63E-07  1.78E-06  9.04E-07  1.21E-06  2.42E-06  1.46E-05  
Testes                     6.55E-07  1.82E-08  0.00E000  1.40E-06  9.24E-06  3.08E-06  8.91E-07  2.54E-06  2.74E-07  4.01E-07  8.72E-07  7.66E-07  2.91E-07  4.54E-06  0.00E000  8.54E-07  1.54E-06  2.00E-06  2.00E-06  2.00E-06  2.00E-06  7.46E-07  7.53E-02  2.36E-07  1.33E-07  2.18E-05  0.00E000  1.43E-05  
Thymus                     1.96E-06  8.79E-07  9.63E-06  1.63E-06  5.01E-07  6.47E-07  2.32E-06  6.45E-07  1.79E-05  1.73E-05  1.10E-06  2.50E-06  7.86E-06  4.28E-06  5.36E-07  3.22E-06  2.14E-06  2.50E-06  2.50E-06  2.50E-06  2.50E-06  1.96E-06  2.32E-07  4.19E-03  2.14E-05  3.76E-07  5.19E-07  1.47E-05  
Thyroid                    7.57E-07  1.51E-06  1.98E-06  5.25E-07  1.87E-07  1.87E-07  5.71E-07  3.03E-07  2.91E-06  2.56E-06  4.09E-07  7.45E-07  2.69E-06  3.96E-06  1.98E-07  7.00E-07  1.40E-06  1.40E-06  1.40E-06  1.40E-06  1.40E-06  6.52E-07  8.54E-08  1.40E-05  2.68E-02  1.40E-07  1.87E-07  1.35E-05  
Urinary Bladder Wall       1.09E-06  2.64E-08  5.55E-07  2.78E-06  1.63E-05  8.64E-06  2.12E-06  7.20E-06  6.53E-07  7.02E-07  1.63E-06  1.79E-06  5.07E-07  3.76E-06  1.95E-05  1.50E-06  2.12E-06  1.96E-06  1.96E-06  1.96E-06  1.96E-06  1.35E-06  2.13E-05  3.43E-07  1.96E-07  1.33E-03  4.40E-05  1.40E-05  
Uterus                     1.96E-06  4.28E-08  7.35E-07  6.52E-06  1.95E-05  2.93E-05  3.27E-06  1.60E-05  8.34E-07  9.46E-07  3.27E-06  2.93E-06  8.50E-07  5.38E-06  5.06E-05  2.77E-06  2.61E-06  2.12E-06  2.12E-06  2.12E-06  2.12E-06  2.44E-06  0.00E000  4.74E-07  2.62E-07  4.07E-05  5.38E-02  1.53E-05  
Total Body                 1.58E-05  1.45E-05  1.33E-05  6.33E-06  1.08E-05  1.34E-05  7.49E-06  1.01E-05  6.94E-06  1.54E-05  1.54E-05  1.54E-05  1.47E-05  1.47E-05  1.62E-05  1.62E-05  1.43E-05  1.45E-05  1.45E-05  1.45E-05  1.45E-05  1.54E-05  1.45E-05  1.50E-05  1.56E-05  5.60E-06  1.62E-05  1.47E-05  

   
   
 OLINDA - Organ Level INternal Dose Assessment Code

Dose Conversion Factors (mGy/MBq-s), Nuclide: N-13 (9.97E00 min), Newborn

                           Adrenals  Brain     Breasts   GB Cont   LLI Cont  SI Cont   StomCont  ULI Cont  HeartCon  Hrt Wall  Kidneys   Liver     Lungs     Muscle    Ovaries   Pancreas  Red Mar.  CortBoneS TrabBoneS CortBoneV TrabBoneV Spleen    Testes    Thymus    Thyroid   UB Cont   Uterus    TotBody
Adrenals                   1.37E-02  5.41E-07  4.89E-06  2.12E-05  3.59E-06  8.17E-06  1.32E-05  8.98E-06  1.32E-05  1.29E-05  5.54E-05  2.12E-05  1.80E-05  8.00E-06  4.24E-06  5.54E-05  8.65E-06  9.79E-06  9.79E-06  9.79E-06  9.79E-06  3.75E-05  1.36E-06  3.92E-06  2.28E-06  2.61E-06  3.91E-06  9.30E-06  
Brain                      5.37E-07  2.68E-04  8.45E-07  3.42E-07  1.16E-07  1.79E-07  4.06E-07  2.28E-07  1.12E-06  9.59E-07  3.60E-07  4.72E-07  1.19E-06  2.76E-06  1.22E-07  4.73E-07  8.43E-06  6.00E-06  6.00E-06  6.00E-06  6.00E-06  5.35E-07  9.94E-08  1.94E-06  4.37E-06  1.09E-07  1.31E-07  3.36E-05  
Breasts                    4.89E-06  8.51E-07  6.74E-01  5.88E-06  1.63E-06  2.12E-06  8.96E-06  2.61E-06  2.61E-05  3.10E-05  2.77E-06  8.16E-06  1.39E-05  5.07E-06  1.63E-06  6.52E-06  3.43E-06  4.25E-06  4.25E-06  4.25E-06  4.25E-06  5.69E-06  0.00E000  1.96E-05  5.55E-06  1.26E-06  1.63E-06  3.18E-05  
Gallbladder Wall           2.12E-05  3.44E-07  5.55E-06  1.82E-02  1.04E-05  2.94E-05  4.73E-05  4.57E-05  1.12E-05  1.32E-05  1.63E-05  4.89E-05  8.17E-06  8.98E-06  9.31E-06  1.22E-04  3.76E-06  4.41E-06  4.41E-06  4.41E-06  4.41E-06  1.79E-05  2.61E-06  2.93E-06  1.80E-06  5.88E-06  1.19E-05  3.67E-05  
LLI Wall                   3.59E-06  1.23E-07  1.55E-06  8.95E-06  5.75E-03  4.07E-05  8.16E-06  2.12E-05  1.96E-06  2.12E-06  5.72E-06  4.08E-06  1.80E-06  9.79E-06  7.82E-05  6.19E-06  6.21E-06  6.70E-06  6.70E-06  6.70E-06  6.70E-06  6.68E-06  2.28E-05  9.64E-07  6.37E-07  3.42E-05  3.91E-05  3.59E-05  
Small Intestine            8.17E-06  1.80E-07  2.12E-06  2.94E-05  4.57E-05  1.99E-03  1.61E-05  7.50E-05  3.43E-06  4.08E-06  1.45E-05  1.31E-05  3.26E-06  8.65E-06  6.35E-05  1.35E-05  5.05E-06  5.54E-06  5.54E-06  5.54E-06  5.54E-06  1.09E-05  5.08E-06  1.61E-06  8.33E-07  1.80E-05  5.55E-05  3.64E-05  
Stomach Wall               1.39E-05  3.94E-07  8.13E-06  4.58E-05  1.35E-05  1.63E-05  3.88E-03  2.44E-05  1.27E-05  1.96E-05  1.17E-05  1.80E-05  9.44E-06  8.49E-06  8.62E-06  6.36E-05  3.59E-06  4.24E-06  4.24E-06  4.24E-06  4.24E-06  3.10E-05  1.96E-06  4.89E-06  2.12E-06  4.42E-06  7.04E-06  3.56E-05  
ULI Wall                   7.03E-06  2.46E-07  2.62E-06  5.06E-05  2.45E-05  8.16E-05  2.12E-05  3.63E-03  3.92E-06  4.58E-06  1.06E-05  2.12E-05  3.74E-06  8.32E-06  5.54E-05  1.43E-05  4.73E-06  5.05E-06  5.05E-06  5.05E-06  5.05E-06  8.99E-06  4.58E-06  1.51E-06  9.97E-07  1.50E-05  2.94E-05  3.63E-05  
Heart Wall                 1.68E-05  1.26E-06  4.03E-05  1.75E-05  3.19E-06  5.31E-06  2.34E-05  4.89E-06  1.23E-03  4.83E-03  7.67E-06  2.12E-05  3.19E-05  9.14E-06  2.55E-06  2.76E-05  5.52E-06  6.80E-06  6.80E-06  6.80E-06  6.80E-06  1.31E-05  9.83E-07  3.62E-05  9.80E-06  1.85E-06  3.19E-06  3.82E-05  
Kidneys                    4.92E-05  3.21E-07  2.46E-06  1.45E-05  5.79E-06  1.29E-05  1.00E-05  1.07E-05  5.49E-06  5.23E-06  3.05E-03  1.42E-05  7.22E-06  6.80E-06  7.98E-06  2.31E-05  5.50E-06  6.95E-06  6.95E-06  6.95E-06  6.95E-06  3.33E-05  1.59E-06  1.74E-06  1.22E-06  3.18E-06  6.36E-06  3.43E-05  
Liver                      2.89E-05  6.49E-07  1.11E-05  6.46E-05  6.45E-06  1.78E-05  2.45E-05  2.67E-05  2.00E-05  2.23E-05  2.18E-05  1.15E-03  1.80E-05  8.69E-06  8.68E-06  3.56E-05  5.58E-06  6.91E-06  6.91E-06  6.91E-06  6.91E-06  1.16E-05  2.46E-06  6.45E-06  2.90E-06  5.34E-06  8.90E-06  3.88E-05  
Lungs                      2.11E-05  1.40E-06  1.63E-05  9.56E-06  2.11E-06  3.82E-06  9.94E-06  4.59E-06  3.06E-05  2.87E-05  9.53E-06  1.55E-05  2.02E-03  8.60E-06  3.06E-06  1.66E-05  6.69E-06  8.40E-06  8.40E-06  8.40E-06  8.40E-06  1.51E-05  7.66E-07  1.49E-05  9.55E-06  1.32E-06  2.48E-06  3.55E-05  
Muscle                     8.00E-06  2.78E-06  5.07E-06  8.65E-06  9.30E-06  8.65E-06  8.00E-06  8.16E-06  6.86E-06  7.02E-06  7.67E-06  6.37E-06  7.35E-06  1.12E-04  1.04E-05  9.47E-06  6.04E-06  6.53E-06  6.53E-06  6.53E-06  6.53E-06  8.16E-06  8.49E-06  8.00E-06  1.11E-05  9.30E-06  1.04E-05  3.40E-05  
Ovaries                    4.24E-06  1.23E-07  1.63E-06  1.21E-05  8.49E-05  6.35E-05  6.70E-06  4.57E-05  1.80E-06  1.96E-06  8.99E-06  6.36E-06  2.61E-06  1.04E-05  2.26E-01  6.19E-06  5.87E-06  6.03E-06  6.03E-06  6.03E-06  6.03E-06  4.90E-06  0.00E000  1.13E-06  7.19E-07  3.26E-05  9.79E-05  3.64E-05  
Pancreas                   3.52E-05  3.03E-07  4.14E-06  7.57E-05  4.75E-06  8.61E-06  3.84E-05  9.65E-06  9.87E-06  1.34E-05  1.66E-05  1.66E-05  9.02E-06  6.01E-06  3.94E-06  1.45E-02  3.31E-06  3.94E-06  3.94E-06  3.94E-06  3.94E-06  4.35E-05  1.14E-06  2.39E-06  1.45E-06  2.18E-06  3.42E-06  3.28E-05  
Red Marrow                 8.65E-06  8.49E-06  3.43E-06  3.76E-06  6.04E-06  5.05E-06  3.76E-06  4.41E-06  4.24E-06  4.24E-06  6.21E-06  4.08E-06  5.71E-06  6.04E-06  5.87E-06  5.22E-06  1.10E-03  1.45E-05  1.02E-03  1.45E-05  1.02E-03  5.22E-06  2.77E-06  3.92E-06  3.75E-06  3.10E-06  4.24E-06  7.13E-05  
Osteogenic Cells           1.18E-05  7.19E-06  5.23E-06  5.39E-06  7.67E-06  6.68E-06  5.23E-06  5.71E-06  6.20E-06  6.20E-06  9.31E-06  6.04E-06  8.48E-06  7.84E-06  7.33E-06  7.34E-06  5.78E-04  4.19E-04  5.94E-04  4.19E-04  5.94E-04  7.50E-06  4.73E-06  5.71E-06  4.73E-06  4.56E-06  5.55E-06  4.43E-05  
Skin                       4.08E-06  4.08E-06  9.30E-06  3.27E-06  4.56E-06  3.75E-06  3.60E-06  3.59E-06  3.92E-06  4.08E-06  4.25E-06  4.24E-06  3.92E-06  5.23E-06  3.75E-06  3.43E-06  5.39E-06  5.39E-06  5.39E-06  5.39E-06  5.39E-06  4.24E-06  8.98E-06  4.73E-06  3.59E-06  4.24E-06  3.76E-06  3.15E-05  
Spleen                     4.08E-05  5.86E-07  6.19E-06  1.95E-05  9.07E-06  1.19E-05  3.37E-05  9.94E-06  9.58E-06  1.10E-05  4.09E-05  9.22E-06  1.40E-05  8.88E-06  5.33E-06  7.45E-05  5.68E-06  6.92E-06  6.92E-06  6.92E-06  6.92E-06  1.02E-02  1.58E-06  3.03E-06  2.31E-06  3.37E-06  5.68E-06  3.61E-05  
Testes                     2.43E-06  1.80E-07  0.00E000  4.98E-06  2.87E-05  9.12E-06  3.82E-06  1.05E-05  1.53E-06  1.36E-06  3.22E-06  3.24E-06  1.18E-06  1.53E-05  0.00E000  3.22E-06  4.98E-06  7.05E-06  7.05E-06  7.05E-06  7.05E-06  2.62E-06  2.13E-01  9.40E-07  6.46E-07  7.91E-05  0.00E000  3.95E-05  
Thymus                     3.56E-06  1.78E-06  1.78E-05  2.66E-06  1.01E-06  1.47E-06  3.41E-06  1.49E-06  2.81E-05  2.52E-05  1.78E-06  4.29E-06  1.16E-05  7.26E-06  1.02E-06  3.42E-06  3.56E-06  4.30E-06  4.30E-06  4.30E-06  4.30E-06  2.53E-06  4.75E-07  6.32E-03  4.14E-05  6.84E-07  1.01E-06  3.39E-05  
Thyroid                    1.69E-06  3.27E-06  4.12E-06  1.33E-06  5.09E-07  6.18E-07  1.20E-06  8.70E-07  6.53E-06  5.58E-06  1.02E-06  1.58E-06  6.05E-06  8.23E-06  5.33E-07  1.69E-06  2.78E-06  2.91E-06  2.91E-06  2.91E-06  2.91E-06  1.57E-06  2.67E-07  3.38E-05  3.87E-02  3.75E-07  5.21E-07  3.32E-05  
Urinary Bladder Wall       2.61E-06  1.05E-07  1.34E-06  6.04E-06  3.42E-05  1.79E-05  4.73E-06  1.50E-05  1.24E-06  1.42E-06  3.60E-06  4.08E-06  1.36E-06  9.95E-06  3.75E-05  3.42E-06  3.10E-06  3.75E-06  3.75E-06  3.75E-06  3.75E-06  3.26E-06  3.60E-05  8.97E-07  5.55E-07  3.43E-03  7.37E-05  3.54E-05  
Uterus                     3.91E-06  1.32E-07  1.63E-06  1.13E-05  3.27E-05  5.55E-05  7.17E-06  3.10E-05  2.12E-06  2.45E-06  7.18E-06  6.52E-06  2.12E-06  1.04E-05  9.79E-05  5.38E-06  4.24E-06  4.73E-06  4.73E-06  4.73E-06  4.73E-06  5.22E-06  0.00E000  1.11E-06  7.02E-07  7.35E-05  2.07E-02  3.66E-05  
Total Body                 3.68E-05  3.46E-05  3.26E-05  1.32E-05  2.50E-05  3.14E-05  1.70E-05  2.25E-05  1.45E-05  3.66E-05  3.65E-05  3.66E-05  3.52E-05  3.50E-05  3.77E-05  3.79E-05  3.41E-05  3.44E-05  3.44E-05  3.44E-05  3.44E-05  3.65E-05  3.46E-05  3.57E-05  3.68E-05  1.17E-05  3.79E-05  3.52E-05  

   
